Euclidiano
0.000000 0.240428 0.592432 0.494812 0.503900 0.473268 0.259106
0.240428 0.000000 0.706942 0.714694 0.674119 0.304617 0.467480
0.592432 0.706942 0.000000 0.403533 0.188005 0.653983 0.732447
0.494812 0.714694 0.403533 0.000000 0.215795 0.826250 0.474830
0.503900 0.674119 0.188005 0.215795 0.000000 0.704624 0.587197
0.473268 0.304617 0.653983 0.826250 0.704624 0.000000 0.730958
0.259106 0.467480 0.732447 0.474830 0.587197 0.730958 0.000000
