de Poincaré
0.000000 3.264143 6.906147 4.688954 7.209605 6.424278 8.174705
3.264143 0.000000 5.263371 3.028672 5.616864 4.396273 6.488299
6.906147 5.263371 0.000000 2.759399 2.485852 5.738096 3.821000
4.688954 3.028672 2.759399 0.000000 3.031652 3.960864 4.309063
7.209605 5.616864 2.485852 3.031652 0.000000 6.267577 5.174652
6.424278 4.396273 5.738096 3.960864 6.267577 0.000000 6.694501
8.174705 6.488299 3.821000 4.309063 5.174652 6.694501 0.000000
