Euclidiano
0.000000 0.830343 0.940981 0.624990 0.869533 0.934283 0.533283
0.830343 0.000000 0.364962 0.206490 0.373613 0.384196 0.683124
0.940981 0.364962 0.000000 0.452778 0.082134 0.746766 0.978224
0.624990 0.206490 0.452778 0.000000 0.421996 0.429784 0.526309
0.869533 0.373613 0.082134 0.421996 0.000000 0.757448 0.940483
0.934283 0.384196 0.746766 0.429784 0.757448 0.000000 0.549108
0.533283 0.683124 0.978224 0.526309 0.940483 0.549108 0.000000
