Euclidiano
0.000000 0.660181 0.246831 0.665988 0.349546 0.520137 0.344719
0.660181 0.000000 0.903155 0.228172 0.757053 0.309061 0.653559
0.246831 0.903155 0.000000 0.911097 0.376924 0.761004 0.439071
0.665988 0.228172 0.911097 0.000000 0.858925 0.164375 0.768566
0.349546 0.757053 0.376924 0.858925 0.000000 0.754583 0.109594
0.520137 0.309061 0.761004 0.164375 0.754583 0.000000 0.676250
0.344719 0.653559 0.439071 0.768566 0.109594 0.676250 0.000000
