de Poincaré
0.000000 5.062016 5.972236 4.890382 2.060220 4.890188 1.028684
5.062016 0.000000 4.157214 3.937437 6.011516 5.582395 4.479184
5.972236 4.157214 0.000000 3.054105 6.836003 6.959223 5.335240
4.890382 3.937437 3.054105 0.000000 5.717000 6.115958 4.211135
2.060220 6.011516 6.836003 5.717000 0.000000 6.071511 1.963840
4.890188 5.582395 6.959223 6.115958 6.071511 0.000000 4.566255
1.028684 4.479184 5.335240 4.211135 1.963840 4.566255 0.000000
