de Poincaré
0.000000 2.821081 4.915097 4.783522 5.369655 3.137709 5.590515
2.821081 0.000000 2.467325 2.315744 2.974730 0.616447 3.168587
4.915097 2.467325 0.000000 1.820222 3.072134 2.348594 2.026333
4.783522 2.315744 1.820222 0.000000 1.516673 1.944809 1.261479
5.369655 2.974730 3.072134 1.516673 0.000000 2.484085 2.602114
3.137709 0.616447 2.348594 1.944809 2.484085 0.000000 2.868820
5.590515 3.168587 2.026333 1.261479 2.602114 2.868820 0.000000
