de Poincaré
0.000000 5.259182 3.506610 4.081729 6.315090 1.766758 3.363651
5.259182 0.000000 6.595098 1.747571 6.341255 4.869024 4.776687
3.506610 6.595098 0.000000 5.448946 7.204845 4.307684 5.340795
4.081729 1.747571 5.448946 0.000000 5.305568 3.677290 3.599929
6.315090 6.341255 7.204845 5.305568 0.000000 6.248941 6.616577
1.766758 4.869024 4.307684 3.677290 6.248941 0.000000 2.236840
3.363651 4.776687 5.340795 3.599929 6.616577 2.236840 0.000000
