Euclidiano
0.000000 0.494875 0.403926 0.539747 0.591691 0.625191 0.201422 0.081807 0.392549 0.415850 0.217749 0.177264 0.200944 0.457152 0.227676 0.231345 0.158555 0.385029 0.524380 0.328311
0.494875 0.000000 0.370147 0.683904 1.081023 0.582938 0.362826 0.568809 0.789244 0.688579 0.646044 0.349765 0.318003 0.389850 0.504676 0.675681 0.574574 0.124134 0.616715 0.381507
0.403926 0.370147 0.000000 0.314167 0.949467 0.846340 0.441229 0.432879 0.500656 0.350177 0.417691 0.242732 0.237821 0.053589 0.569699 0.452568 0.366842 0.268606 0.812922 0.553652
0.539747 0.683904 0.314167 0.000000 0.921574 1.108424 0.668990 0.517604 0.365090 0.176402 0.407891 0.458550 0.474023 0.305865 0.759440 0.433393 0.409956 0.576422 1.042836 0.800597
0.591691 1.081023 0.949467 0.921574 0.000000 0.978069 0.735029 0.530543 0.564331 0.745198 0.541614 0.762964 0.790088 0.996920 0.630735 0.508271 0.582914 0.976143 0.817339 0.800094
0.625191 0.582938 0.846340 1.108424 0.978069 0.000000 0.444747 0.694428 1.016132 1.024777 0.841771 0.650020 0.635070 0.889574 0.414341 0.850684 0.783040 0.605604 0.164035 0.309389
0.201422 0.362826 0.441229 0.668990 0.735029 0.444747 0.000000 0.281912 0.589229 0.580295 0.415576 0.213070 0.206303 0.491927 0.147948 0.432004 0.349451 0.288486 0.377228 0.135962
0.081807 0.568809 0.432879 0.517604 0.530543 0.694428 0.281912 0.000000 0.322215 0.374753 0.149762 0.233153 0.261586 0.484229 0.285462 0.156299 0.109606 0.454543 0.583151 0.404834
0.392549 0.789244 0.500656 0.365090 0.564331 1.016132 0.589229 0.322215 0.000000 0.192305 0.174806 0.448785 0.479545 0.531627 0.607176 0.167255 0.240389 0.665111 0.903834 0.720330
0.415850 0.688579 0.350177 0.176402 0.745198 1.024777 0.580295 0.374753 0.192305 0.000000 0.244667 0.389959 0.414671 0.368907 0.643339 0.265367 0.265498 0.568047 0.938118 0.716197
0.217749 0.646044 0.417691 0.407891 0.541614 0.841771 0.415576 0.149762 0.174806 0.244667 0.000000 0.296688 0.328471 0.461211 0.435108 0.034877 0.072533 0.523505 0.732909 0.545719
0.177264 0.349765 0.242732 0.458550 0.762964 0.650020 0.213070 0.233153 0.448785 0.389959 0.296688 0.000000 0.031794 0.296046 0.328701 0.325925 0.224878 0.228619 0.590202 0.342147
0.200944 0.318003 0.237821 0.474023 0.790088 0.635070 0.206303 0.261586 0.479545 0.414671 0.328471 0.031794 0.000000 0.290124 0.332207 0.357703 0.256671 0.197182 0.582714 0.329671
0.457152 0.389850 0.053589 0.305865 0.996920 0.889574 0.491927 0.484229 0.531627 0.368907 0.461211 0.296046 0.290124 0.000000 0.622285 0.496009 0.414032 0.299578 0.861343 0.601135
0.227676 0.504676 0.569699 0.759440 0.630735 0.414341 0.147948 0.285462 0.607176 0.643339 0.435108 0.328701 0.332207 0.622285 0.000000 0.440206 0.384263 0.436381 0.298138 0.169362
0.231345 0.675681 0.452568 0.433393 0.508271 0.850684 0.432004 0.156299 0.167255 0.265367 0.034877 0.325925 0.357703 0.496009 0.440206 0.000000 0.101216 0.553790 0.736589 0.559314
0.158555 0.574574 0.366842 0.409956 0.582914 0.783040 0.349451 0.109606 0.240389 0.265498 0.072533 0.224878 0.256671 0.414032 0.384263 0.101216 0.000000 0.452576 0.682048 0.482124
0.385029 0.124134 0.268606 0.576422 0.976143 0.605604 0.288486 0.454543 0.665111 0.568047 0.523505 0.228619 0.197182 0.299578 0.436381 0.553790 0.452576 0.000000 0.605817 0.349331
0.524380 0.616715 0.812922 1.042836 0.817339 0.164035 0.377228 0.583151 0.903834 0.938118 0.732909 0.590202 0.582714 0.861343 0.298138 0.736589 0.682048 0.605817 0.000000 0.261204
0.328311 0.381507 0.553652 0.800597 0.800094 0.309389 0.135962 0.404834 0.720330 0.716197 0.545719 0.342147 0.329671 0.601135 0.169362 0.559314 0.482124 0.349331 0.261204 0.000000
