Euclidiano
0.000000 0.905793 0.617089 0.285106 0.440531 0.797843 0.634302 0.431429 0.489674 0.893735 0.385794 0.667524 0.631773 0.290096 0.727327 0.236232 0.685967 0.863238 0.122754 0.973231
0.905793 0.000000 0.810331 0.855860 0.499553 0.515227 0.665656 0.598303 0.507993 0.070036 0.520019 0.695516 0.697462 1.146878 0.366412 0.993141 0.483133 0.140427 1.010583 0.111173
0.617089 0.810331 0.000000 0.834406 0.675473 1.052900 0.148872 0.303680 0.761347 0.754957 0.542646 1.056111 1.029315 0.892379 0.451075 0.848046 0.334844 0.687373 0.728192 0.804217
0.285106 0.855860 0.834406 0.000000 0.358924 0.593007 0.808837 0.574619 0.354550 0.866275 0.399555 0.414679 0.378745 0.332115 0.797749 0.159560 0.797994 0.858600 0.281340 0.946953
0.440531 0.499553 0.675473 0.358924 0.000000 0.402198 0.591519 0.371815 0.086012 0.507393 0.133586 0.383618 0.360039 0.651349 0.476589 0.493833 0.511867 0.501263 0.528001 0.588160
0.797843 0.515227 1.052900 0.593007 0.402198 0.000000 0.945269 0.754374 0.324069 0.570024 0.529710 0.233094 0.255258 0.924926 0.732834 0.752397 0.815134 0.613855 0.851790 0.625929
0.634302 0.665656 0.148872 0.808837 0.591519 0.945269 0.000000 0.236573 0.675101 0.608463 0.465100 0.974963 0.951420 0.922121 0.303225 0.850397 0.186316 0.539967 0.754032 0.655896
0.431429 0.598303 0.303680 0.574619 0.371815 0.754374 0.236573 0.000000 0.457668 0.560195 0.239332 0.753348 0.727334 0.720945 0.315358 0.628760 0.255423 0.507471 0.554179 0.628830
0.489674 0.507993 0.761347 0.354550 0.086012 0.324069 0.675101 0.457668 0.000000 0.527252 0.219565 0.300176 0.278704 0.670111 0.540608 0.503931 0.586436 0.532619 0.563415 0.605913
0.893735 0.070036 0.754957 0.866275 0.507393 0.570024 0.608463 0.560195 0.527252 0.000000 0.509552 0.737863 0.736942 1.145321 0.306199 0.997052 0.423715 0.072411 1.002902 0.081149
0.385794 0.520019 0.542646 0.399555 0.133586 0.529710 0.465100 0.239332 0.219565 0.509552 0.000000 0.514073 0.488484 0.639529 0.398248 0.502872 0.408417 0.484586 0.493376 0.589818
0.667524 0.695516 1.056111 0.414679 0.383618 0.233094 0.974963 0.753348 0.300176 0.737863 0.514073 0.000000 0.036154 0.735729 0.825500 0.566975 0.882395 0.765750 0.693182 0.805670
0.631773 0.697462 1.029315 0.378745 0.360039 0.255258 0.951420 0.727334 0.278704 0.736942 0.488484 0.036154 0.000000 0.700848 0.811157 0.531619 0.864087 0.761586 0.657046 0.806764
0.290096 1.146878 0.892379 0.332115 0.651349 0.924926 0.922121 0.720945 0.670111 1.145321 0.639529 0.735729 0.700848 0.000000 1.009496 0.172568 0.974574 1.124022 0.168231 1.226293
0.727327 0.366412 0.451075 0.797749 0.476589 0.732834 0.303225 0.315358 0.540608 0.306199 0.398248 0.825500 0.811157 1.009496 0.000000 0.891446 0.117555 0.236825 0.848281 0.353315
0.236232 0.993141 0.848046 0.159560 0.493833 0.752397 0.850397 0.628760 0.503931 0.997052 0.502872 0.566975 0.531619 0.172568 0.891446 0.000000 0.872780 0.981913 0.166131 1.078193
0.685967 0.483133 0.334844 0.797994 0.511867 0.815134 0.186316 0.255423 0.586436 0.423715 0.408417 0.882395 0.864087 0.974574 0.117555 0.872780 0.000000 0.354293 0.808676 0.469581
0.863238 0.140427 0.687373 0.858600 0.501263 0.613855 0.539967 0.507471 0.532619 0.072411 0.484586 0.765750 0.761586 1.124022 0.236825 0.981913 0.354293 0.000000 0.976129 0.121892
0.122754 1.010583 0.728192 0.281340 0.528001 0.851790 0.754032 0.554179 0.563415 1.002902 0.493376 0.693182 0.657046 0.168231 0.848281 0.166131 0.808676 0.976129 0.000000 1.083187
0.973231 0.111173 0.804217 0.946953 0.588160 0.625929 0.655896 0.628830 0.605913 0.081149 0.589818 0.805670 0.806764 1.226293 0.353315 1.078193 0.469581 0.121892 1.083187 0.000000
