Euclidiano
0.000000 0.831005 0.103649 0.815804 0.523594 0.938163 0.844011 0.316884 0.320933 0.341931 0.726516 0.525775 0.059555 0.387844 0.620407 0.754157 0.341498 0.253243 0.473915 0.429814
0.831005 0.000000 0.916847 0.016136 0.672429 0.152771 0.555618 0.546786 0.565452 0.950596 0.311165 0.581164 0.843576 0.868165 0.775590 0.254098 0.716024 1.049928 0.488611 0.581873
0.103649 0.916847 0.000000 0.902042 0.623053 1.016304 0.947558 0.417815 0.423679 0.398828 0.827352 0.553311 0.140262 0.350860 0.714595 0.819870 0.438942 0.239212 0.577212 0.533113
0.815804 0.016136 0.902042 0.000000 0.657250 0.166979 0.545943 0.530792 0.549364 0.934465 0.299072 0.572848 0.828033 0.856970 0.761102 0.252701 0.699943 1.034127 0.472749 0.565978
0.523594 0.672429 0.623053 0.657250 0.000000 0.823267 0.365377 0.310331 0.276743 0.376239 0.397478 0.791074 0.484343 0.846982 0.129951 0.769723 0.185550 0.588636 0.205523 0.140255
0.938163 0.152771 1.016304 0.166979 0.823267 0.000000 0.698965 0.674865 0.697366 1.087482 0.462126 0.606085 0.957521 0.918717 0.928075 0.240167 0.856880 1.169078 0.634805 0.727363
0.844011 0.555618 0.947558 0.545943 0.365377 0.698965 0.000000 0.550969 0.533196 0.741278 0.259507 0.935732 0.817225 1.095221 0.373910 0.758546 0.536014 0.949280 0.380255 0.415068
0.316884 0.546786 0.417815 0.530792 0.310331 0.674865 0.550969 0.000000 0.036025 0.418794 0.409693 0.484949 0.311361 0.553741 0.438076 0.543238 0.214757 0.506079 0.170728 0.172695
0.320933 0.565452 0.423679 0.549364 0.276743 0.697366 0.533196 0.036025 0.000000 0.391881 0.408311 0.520658 0.308664 0.580293 0.403617 0.573645 0.180386 0.494290 0.154809 0.141420
0.341931 0.950596 0.398828 0.934465 0.376239 1.087482 0.741278 0.418794 0.391881 0.000000 0.735816 0.826468 0.282377 0.729668 0.404284 0.960481 0.239328 0.246234 0.474290 0.384514
0.726516 0.311165 0.827352 0.299072 0.397478 0.462126 0.259507 0.409693 0.408311 0.735816 0.000000 0.699741 0.716963 0.902336 0.480923 0.499092 0.498156 0.892990 0.269128 0.352185
0.525775 0.581164 0.553311 0.572848 0.791074 0.606085 0.935732 0.484949 0.520658 0.826468 0.699741 0.000000 0.575091 0.326676 0.920563 0.366723 0.686939 0.776607 0.608283 0.650837
0.059555 0.843576 0.140262 0.828033 0.484343 0.957521 0.817225 0.311361 0.308664 0.282377 0.716963 0.575091 0.000000 0.447354 0.574338 0.783692 0.299460 0.215725 0.456345 0.402292
0.387844 0.868165 0.350860 0.856970 0.846982 0.918717 1.095221 0.553741 0.580293 0.729668 0.902336 0.326676 0.447354 0.000000 0.963762 0.684423 0.687599 0.588418 0.720331 0.720576
0.620407 0.775590 0.714595 0.761102 0.129951 0.928075 0.373910 0.438076 0.403617 0.404284 0.480923 0.920563 0.574338 0.963762 0.000000 0.891597 0.280657 0.641109 0.331395 0.270012
0.754157 0.254098 0.819870 0.252701 0.769723 0.240167 0.758546 0.543238 0.573645 0.960481 0.499092 0.366723 0.783692 0.684423 0.891597 0.000000 0.750829 0.999359 0.564740 0.646943
0.341498 0.716024 0.438942 0.699943 0.185550 0.856880 0.536014 0.214757 0.180386 0.239328 0.498156 0.686939 0.299460 0.687599 0.280657 0.750829 0.000000 0.414167 0.234989 0.145984
0.253243 1.049928 0.239212 1.034127 0.588636 1.169078 0.949280 0.506079 0.494290 0.246234 0.892990 0.776607 0.215725 0.588418 0.641109 0.999359 0.414167 0.000000 0.624235 0.550450
0.473915 0.488611 0.577212 0.472749 0.205523 0.634805 0.380255 0.170728 0.154809 0.474290 0.269128 0.608283 0.456345 0.720331 0.331395 0.564740 0.234989 0.624235 0.000000 0.093442
0.429814 0.581873 0.533113 0.565978 0.140255 0.727363 0.415068 0.172695 0.141420 0.384514 0.352185 0.650837 0.402292 0.720576 0.270012 0.646943 0.145984 0.550450 0.093442 0.000000
