de Poincaré
0.000000 6.928820 7.269432 6.584006 8.294146 7.052446 8.515152 6.567190 8.452182 10.409101 8.450234 8.189877 5.117498 6.262031 5.695573 8.010030 9.347969 6.898527 8.127781 7.189255
6.928820 0.000000 1.627241 1.846740 1.911232 2.159979 3.061817 2.597989 2.347920 5.954879 4.032882 3.716509 3.398538 1.266386 1.695781 4.306179 3.320610 2.237128 1.477673 1.654073
7.269432 1.627241 0.000000 2.903746 3.319149 1.182619 1.668458 2.227075 1.919030 5.163722 5.023829 4.725348 3.603248 2.277822 1.823543 5.141235 2.996115 1.462120 2.670558 0.178796
6.584006 1.846740 2.903746 0.000000 2.966033 3.061727 4.271003 3.094334 3.872806 6.705598 2.719990 2.370514 3.265212 0.680054 1.927124 3.007606 4.784421 3.026122 3.058320 2.870408
8.294146 1.911232 3.319149 2.966033 0.000000 3.829203 4.631038 4.209171 3.748398 7.502772 4.893891 4.573101 4.870619 2.594338 3.281764 5.370985 4.603267 3.895376 1.695462 3.351129
7.052446 2.159979 1.182619 3.061727 3.829203 0.000000 2.280726 1.444526 2.920598 4.349044 5.177073 4.884325 3.271923 2.442217 1.547280 5.208564 3.905333 0.401615 3.329703 1.008537
8.515152 3.061817 1.668458 4.271003 4.631038 2.280726 0.000000 3.429235 2.773206 5.874604 6.329542 6.035712 4.870759 3.671658 3.163146 6.441399 3.730724 2.603848 3.969384 1.698277
6.567190 2.597989 2.227075 3.094334 4.209171 1.444526 3.429235 0.000000 3.749240 4.769546 5.201380 4.914401 2.565713 2.508117 1.198061 5.128791 4.694226 1.085995 3.834971 2.086059
8.452182 2.347920 1.919030 3.872806 3.748398 2.920598 2.773206 3.749240 0.000000 6.652159 5.923250 5.623393 4.883945 3.290761 3.169236 6.123376 1.441837 3.135426 2.813701 2.065078
10.409101 5.954879 5.163722 6.705598 7.502772 4.349044 5.874604 4.769546 6.652159 0.000000 8.735852 8.450527 6.655644 6.132537 5.187080 8.736641 7.559274 4.284813 7.045158 5.026706
8.450234 4.032882 5.023829 2.719990 4.893891 5.177073 6.329542 5.201380 5.923250 8.735852 0.000000 0.584782 5.297225 3.152518 4.103400 3.597846 6.801706 5.142661 5.080266 4.993374
8.189877 3.716509 4.725348 2.370514 4.573101 4.884325 6.035712 4.914401 5.623393 8.450527 0.584782 0.000000 5.022534 2.826863 3.811678 3.440855 6.503564 4.851288 4.767715 4.695566
5.117498 3.398538 3.603248 3.265212 4.870619 3.271923 4.870759 2.565713 4.883945 6.655644 5.297225 5.022534 0.000000 2.823313 1.832519 4.999303 5.798670 3.071285 4.647849 3.507829
6.262031 1.266386 2.277822 0.680054 2.594338 2.442217 3.671658 2.508117 3.290761 6.132537 3.152518 2.826863 2.823313 0.000000 1.355867 3.312335 4.221030 2.411860 2.562677 2.243081
5.695573 1.695781 1.823543 1.927124 3.281764 1.547280 3.163146 1.198061 3.169236 5.187080 4.103400 3.811678 1.832519 1.355867 0.000000 4.010348 4.116437 1.389461 2.990387 1.727029
8.010030 4.306179 5.141235 3.007606 5.370985 5.208564 6.441399 5.128791 6.123376 8.736641 3.597846 3.440855 4.999303 3.312335 4.010348 0.000000 7.008447 5.147411 5.433705 5.097756
9.347969 3.320610 2.996115 4.784421 4.603267 3.905333 3.730724 4.694226 1.441837 7.559274 6.801706 6.503564 5.798670 4.221030 4.116437 7.008447 0.000000 4.106777 3.673976 3.122375
6.898527 2.237128 1.462120 3.026122 3.895376 0.401615 2.603848 1.085995 3.135426 4.284813 5.142661 4.851288 3.071285 2.411860 1.389461 5.147411 4.106777 0.000000 3.434734 1.296069
8.127781 1.477673 2.670558 3.058320 1.695462 3.329703 3.969384 3.834971 2.813701 7.045158 5.080266 4.767715 4.647849 2.562677 2.990387 5.433705 3.673976 3.434734 0.000000 2.732906
7.189255 1.654073 0.178796 2.870408 3.351129 1.008537 1.698277 2.086059 2.065078 5.026706 4.993374 4.695566 3.507829 2.243081 1.727029 5.097756 3.122375 1.296069 2.732906 0.000000
