de Poincaré
0.000000 2.020220 6.330159 4.050548 3.741227 3.884696 3.201293 2.149472 5.563620 6.785935 7.429788 2.543471 4.158239 4.254183 3.589360 6.141393 4.633225 3.183043 4.423805 6.877356
2.020220 0.000000 4.969255 2.843915 2.307668 2.511628 1.562176 1.596442 4.198564 5.595409 6.156352 1.576768 3.028087 2.754393 2.261287 5.000903 3.374093 1.802595 3.168409 5.629881
6.330159 4.969255 0.000000 4.835835 3.324840 3.554010 4.651762 5.920763 2.488743 7.051030 6.548486 5.207151 5.354189 4.338489 3.757725 6.845325 4.754211 3.806358 4.664666 6.504476
4.050548 2.843915 4.835835 0.000000 1.867850 1.598209 3.259695 3.975364 3.817955 3.339798 4.951629 2.286425 0.889337 3.722330 1.083936 2.429888 1.290577 1.223139 0.995951 4.025308
3.741227 2.307668 3.324840 1.867850 0.000000 0.482275 2.277923 3.422905 2.258394 4.280369 4.310584 2.376314 2.418697 2.452855 0.729261 4.007838 1.845816 0.757411 1.726550 3.938612
3.884696 2.511628 3.554010 1.598209 0.482275 0.000000 2.588292 3.622637 2.400558 3.889222 3.959522 2.439150 2.227938 2.816120 0.442884 3.701026 1.400005 0.769204 1.311584 3.503332
3.201293 1.562176 4.651762 3.259695 2.277923 2.588292 0.000000 2.327253 3.985634 5.876250 6.209538 2.617490 3.563486 1.698494 2.466219 5.389707 3.621161 2.078100 3.442142 5.774493
2.149472 1.596442 5.920763 3.975364 3.422905 3.622637 2.327253 0.000000 5.196264 6.657467 7.183100 2.809632 4.162751 3.573948 3.385073 6.076278 4.472276 2.977790 4.274647 6.675249
5.563620 4.198564 2.488743 3.817955 2.258394 2.400558 3.985634 5.196264 0.000000 5.972388 5.226580 4.352994 4.383515 3.832556 2.687485 5.828334 3.628677 2.835009 3.562240 5.302144
6.785935 5.595409 7.051030 3.339798 4.280369 3.889222 5.876250 6.657467 5.972388 0.000000 6.499089 5.212110 4.110793 6.223532 3.495777 4.095192 2.811711 3.900563 2.829131 5.020300
7.429788 6.156352 6.548486 4.951629 4.310584 3.959522 6.209538 7.183100 5.226580 6.499089 0.000000 6.053577 5.644835 6.354009 4.052436 6.746754 4.281033 4.496754 4.359887 4.648203
2.543471 1.576768 5.207151 2.286425 2.376314 2.439150 2.617490 2.809632 4.352994 5.212110 6.053577 0.000000 2.254569 3.455991 2.055536 4.459162 3.047534 1.629031 2.810485 5.422368
4.158239 3.028087 5.354189 0.889337 2.418697 2.227938 3.563486 4.162751 4.383515 4.110793 5.644835 2.254569 0.000000 4.101161 1.698194 2.861757 2.153707 1.655699 1.862625 4.784717
4.254183 2.754393 4.338489 3.722330 2.452855 2.816120 1.698494 3.573948 3.832556 6.223532 6.354009 3.455991 4.101161 0.000000 2.803266 5.819460 3.951905 2.525889 3.796664 6.006320
3.589360 2.261287 3.757725 1.083936 0.729261 0.442884 2.466219 3.385073 2.687485 3.495777 4.052436 2.055536 1.698194 2.803266 0.000000 3.197950 1.074436 0.490911 0.928574 3.400959
6.141393 5.000903 6.845325 2.429888 4.007838 3.701026 5.389707 6.076278 5.828334 4.095192 6.746754 4.459162 2.861757 5.819460 3.197950 0.000000 3.037616 3.426078 2.812322 5.650744
4.633225 3.374093 4.754211 1.290577 1.845816 1.400005 3.621161 4.472276 3.628677 2.811711 4.281033 3.047534 2.153707 3.951905 1.074436 3.037616 0.000000 1.562316 0.294649 3.075811
3.183043 1.802595 3.806358 1.223139 0.757411 0.769204 2.078100 2.977790 2.835009 3.900563 4.496754 1.629031 1.655699 2.525889 0.490911 3.426078 1.562316 0.000000 1.371666 3.901912
4.423805 3.168409 4.664666 0.995951 1.726550 1.311584 3.442142 4.274647 3.562240 2.829131 4.359887 2.810485 1.862625 3.796664 0.928574 2.812322 0.294649 1.371666 0.000000 3.255851
6.877356 5.629881 6.504476 4.025308 3.938612 3.503332 5.774493 6.675249 5.302144 5.020300 4.648203 5.422368 4.784717 6.006320 3.400959 5.650744 3.075811 3.901912 3.255851 0.000000
