de Poincaré
0.000000 3.886560 6.752224 2.273899 5.112685 4.406987 5.072253 4.404468 0.240255 4.138196 3.095090 3.493367 4.816501 3.846429 5.356365 3.597096 4.231963 3.197095 5.194309 0.249068
3.886560 0.000000 4.824485 3.980404 3.304921 1.876754 1.935340 6.074841 3.720149 3.342825 1.619580 3.796758 4.068302 4.149836 5.981289 1.107233 2.736135 3.681508 3.186089 3.741501
6.752224 4.824485 0.000000 7.059936 2.856786 6.074942 4.911779 9.104338 6.603408 4.959954 4.129516 7.101813 5.575017 6.358330 8.260301 4.069989 6.542607 6.006542 2.434470 6.629607
2.273899 3.980404 7.059936 0.000000 5.452681 4.317037 5.236024 2.947366 2.101225 4.662600 3.443493 2.483261 5.345460 4.645085 6.236609 3.830470 3.956718 4.052511 5.504368 2.073324
5.112685 3.304921 2.856786 5.452681 0.000000 4.574470 3.600744 7.508771 4.963151 3.034368 2.344809 5.522708 3.683265 4.616737 6.560293 2.411979 5.009995 4.271209 1.050986 4.990504
4.406987 1.876754 6.074942 4.317037 4.574470 0.000000 3.452632 6.396135 4.237693 4.390883 2.785244 3.887203 5.092455 4.991369 6.759263 2.589660 1.964582 4.501967 4.502624 4.254182
5.072253 1.935340 4.911779 5.236024 3.600744 3.452632 0.000000 7.296966 4.913803 4.132197 2.598677 5.126503 4.827793 5.116229 6.960420 1.992510 4.227502 4.688841 3.317421 4.936536
4.404468 6.074841 9.104338 2.947366 7.508771 6.396135 7.296966 0.000000 4.275456 6.727917 5.551431 4.594643 7.397433 6.698329 8.258031 5.928087 6.041134 6.122116 7.560297 4.248097
0.240255 3.720149 6.603408 2.101225 4.963151 4.237693 4.913803 4.275456 0.000000 3.997208 2.935883 3.312390 4.679046 3.730075 5.258907 3.434983 4.058142 3.080815 5.043295 0.065211
4.138196 3.342825 4.959954 4.662600 3.034368 4.390883 4.132197 6.727917 3.997208 0.000000 1.846068 4.890985 1.040125 2.846594 5.021935 2.535760 4.645495 2.640837 3.361572 4.029890
3.095090 1.619580 4.129516 3.443493 2.344809 2.785244 2.598677 5.551431 2.935883 1.846068 0.000000 3.539462 2.644802 2.850808 4.800540 0.789260 3.115083 2.404280 2.428914 2.964164
3.493367 3.796758 7.101813 2.483261 5.522708 3.887203 5.126503 4.594643 3.312390 4.890985 3.539462 0.000000 5.578539 5.070929 6.722302 3.803484 3.229761 4.514724 5.546090 3.309128
4.816501 4.068302 5.575017 5.345460 3.683265 5.092455 4.827793 7.397433 4.679046 1.040125 2.644802 5.578539 0.000000 3.423552 5.579876 3.293309 5.342293 3.282782 4.024895 4.711483
3.846429 4.149836 6.358330 4.645085 4.616737 4.991369 5.116229 6.698329 3.730075 2.846594 2.850808 5.070929 3.423552 0.000000 3.081407 3.556640 5.097602 0.920340 4.803346 3.770008
5.356365 5.981289 8.260301 6.236609 6.560293 6.759263 6.960420 8.258031 5.258907 5.021935 4.800540 6.722302 5.579876 3.081407 0.000000 5.452539 6.827399 3.054443 6.724494 5.299419
3.597096 1.107233 4.069989 3.830470 2.411979 2.589660 1.992510 5.928087 3.434983 2.535760 0.789260 3.803484 3.293309 3.556640 5.452539 0.000000 3.119622 3.111793 2.331426 3.460094
4.231963 2.736135 6.542607 3.956718 5.009995 1.964582 4.227502 6.041134 4.058142 4.645495 3.115083 3.229761 5.342293 5.097602 6.827399 3.119622 0.000000 4.585434 4.979363 4.070204
3.197095 3.681508 6.006542 4.052511 4.271209 4.501967 4.688841 6.122116 3.080815 2.640837 2.404280 4.514724 3.282782 0.920340 3.054443 3.111793 4.585434 0.000000 4.440677 3.122913
5.194309 3.186089 2.434470 5.504368 1.050986 4.502624 3.317421 7.560297 5.043295 3.361572 2.428914 5.546090 4.024895 4.803346 6.724494 2.331426 4.979363 4.440677 0.000000 5.069832
0.249068 3.741501 6.629607 2.073324 4.990504 4.254182 4.936536 4.248097 0.065211 4.029890 2.964164 3.309128 4.711483 3.770008 5.299419 3.460094 4.070204 3.122913 5.069832 0.000000
