de Poincaré
0.000000 5.012714 2.466725 6.821311 3.064233 4.468342 4.603780 8.161832 3.659638 3.970861 3.609997 2.840200 5.595366 6.683793 2.893247 2.988352 4.452674 3.193453 2.657086 4.929883
5.012714 0.000000 3.032896 5.188170 1.814260 4.954920 2.915170 8.916057 2.365145 1.304917 3.485565 2.186625 2.841103 6.384145 2.695477 1.862802 1.123948 3.495461 2.517522 4.113594
2.466725 3.032896 0.000000 5.192009 1.013506 2.720583 2.456786 6.701133 1.871306 1.890380 2.211827 0.814779 3.790258 4.771341 0.555841 0.950001 2.388887 1.907612 0.554967 2.838433
6.821311 5.188170 5.192009 0.000000 4.331714 7.322756 6.073535 11.197562 3.724843 4.745578 4.474759 4.362768 4.241239 8.958768 5.105184 4.302499 5.116891 4.744560 4.640938 6.893312
3.064233 1.814260 1.013506 4.331714 0.000000 3.053828 1.675144 7.038861 1.094051 0.735046 1.866636 0.350505 2.715905 4.660828 0.730642 0.065610 1.203726 1.755754 0.578985 2.486683
4.468342 4.954920 2.720583 7.322756 3.053828 0.000000 3.819756 5.451193 4.167192 3.807486 4.601856 3.097478 5.861530 4.555651 2.572155 3.020676 4.244916 4.348345 2.995719 3.477337
4.603780 2.915170 2.456786 6.073535 1.675144 3.819756 0.000000 7.920463 2.951990 1.731274 3.747660 2.059219 4.329178 4.864994 1.917675 1.722019 1.949323 3.616119 2.218597 2.080193
8.161832 8.916057 6.701133 11.197562 7.038861 5.451193 7.920463 0.000000 8.081172 7.807564 8.463798 7.058251 9.771397 8.825725 6.644235 6.999569 8.241139 8.204385 6.957849 7.713380
3.659638 2.365145 1.871306 3.724843 1.094051 4.167192 2.951990 8.081172 0.000000 1.621320 1.356457 1.012868 2.441014 5.858111 1.809842 1.055350 2.081424 1.510627 1.280013 3.764107
3.970861 1.304917 1.890380 4.745578 0.735046 3.807486 1.731274 7.807564 1.621320 0.000000 2.630754 1.135675 2.814584 5.247634 1.503784 0.800056 0.504490 2.578833 1.424416 2.928382
3.609997 3.485565 2.211827 4.474759 1.866636 4.601856 3.747660 8.463798 1.356457 2.630754 0.000000 1.621987 3.608891 6.411159 2.345519 1.796240 3.113439 0.625425 1.726554 4.414066
2.840200 2.186625 0.814779 4.362768 0.350505 3.097478 2.059219 7.058251 1.012868 1.135675 1.621987 0.000000 2.891883 4.837814 0.715706 0.279700 1.625418 1.464617 0.284332 2.747653
5.595366 2.841103 3.790258 4.241239 2.715905 5.861530 4.329178 9.771397 2.441014 2.814584 3.608891 2.891883 0.000000 7.418789 3.598785 2.717791 3.079699 3.752453 3.222576 5.278807
6.683793 6.384145 4.771341 8.958768 4.660828 4.555651 4.864994 8.825725 5.858111 5.247634 6.411159 4.837814 7.418789 0.000000 4.403888 4.652580 5.627902 6.208473 4.837273 3.823112
2.893247 2.695477 0.555841 5.105184 0.730642 2.572155 1.917675 6.644235 1.809842 1.503784 2.345519 0.715706 3.598785 4.403888 0.000000 0.695951 1.985534 2.114889 0.605409 2.338128
2.988352 1.862802 0.950001 4.302499 0.065610 3.020676 1.722019 6.999569 1.055350 0.800056 1.796240 0.279700 2.717791 4.652580 0.695951 0.000000 1.268188 1.678680 0.507546 2.499593
4.452674 1.123948 2.388887 5.116891 1.203726 4.244916 1.949323 8.241139 2.081424 0.504490 3.113439 1.625418 3.079699 5.627902 1.985534 1.268188 0.000000 3.071603 1.923807 3.276841
3.193453 3.495461 1.907612 4.744560 1.755754 4.348345 3.616119 8.204385 1.510627 2.578833 0.625425 1.464617 3.752453 6.208473 2.114889 1.678680 3.071603 0.000000 1.492265 4.235052
2.657086 2.517522 0.554967 4.640938 0.578985 2.995719 2.218597 6.957849 1.280013 1.424416 1.726554 0.284332 3.222576 4.837273 0.605409 0.507546 1.923807 1.492265 0.000000 2.799341
4.929883 4.113594 2.838433 6.893312 2.486683 3.477337 2.080193 7.713380 3.764107 2.928382 4.414066 2.747653 5.278807 3.823112 2.338128 2.499593 3.276841 4.235052 2.799341 0.000000
