Euclidiano
0.000000 0.459323 0.353871 0.433699 0.644856 0.398218 0.159523 0.859230 0.264465 0.365475 0.767874 0.701837 0.701543 0.768817 0.605298 0.439555 0.918140 0.571670 0.382466 0.523954 0.354354 0.435434 0.622736 0.200397 0.382862
0.459323 0.000000 0.377981 0.489892 0.450298 0.105840 0.312780 0.401186 0.290217 0.560719 0.322760 0.742095 0.426071 0.336214 0.376150 0.676137 0.468620 0.163160 0.742818 0.696794 0.588968 0.180071 0.232264 0.514548 0.839194
0.353871 0.377981 0.000000 0.683135 0.300943 0.272143 0.341559 0.690955 0.439738 0.194624 0.571235 0.399778 0.379422 0.551825 0.279380 0.307848 0.713739 0.540765 0.423570 0.318814 0.232403 0.492982 0.394149 0.534166 0.627653
0.433699 0.489892 0.683135 0.000000 0.895637 0.524630 0.346514 0.814845 0.245828 0.774452 0.782458 1.079480 0.900712 0.808534 0.830089 0.864762 0.907435 0.466821 0.813019 0.937714 0.774093 0.321690 0.722148 0.272874 0.718807
0.644856 0.450298 0.300943 0.895637 0.000000 0.377081 0.590496 0.567888 0.654152 0.437386 0.442325 0.375185 0.112876 0.402963 0.075552 0.519472 0.547036 0.589090 0.686126 0.467460 0.482527 0.623550 0.291719 0.806020 0.923435
0.398218 0.105840 0.272143 0.524630 0.377081 0.000000 0.273169 0.469433 0.293817 0.456366 0.370412 0.642010 0.376549 0.370749 0.307592 0.571846 0.521001 0.268817 0.647351 0.590956 0.486023 0.250564 0.230799 0.492244 0.767634
0.159523 0.312780 0.341559 0.346514 0.590496 0.273169 0.000000 0.713678 0.121210 0.432265 0.631652 0.733827 0.623699 0.638533 0.536312 0.530311 0.779947 0.413241 0.518302 0.595229 0.437180 0.276542 0.503963 0.222180 0.540916
0.859230 0.401186 0.690955 0.814845 0.567888 0.469433 0.713678 0.000000 0.674044 0.885258 0.127018 0.941082 0.468951 0.165352 0.507410 0.996154 0.103623 0.348700 1.104579 0.983354 0.923129 0.504962 0.302651 0.906297 1.235678
0.264465 0.290217 0.439738 0.245828 0.654152 0.293817 0.121210 0.674044 0.000000 0.549976 0.610597 0.838424 0.668494 0.626318 0.591468 0.650488 0.752151 0.343168 0.637011 0.712144 0.557036 0.187251 0.512565 0.233249 0.631000
0.365475 0.560719 0.194624 0.774452 0.437386 0.456366 0.432265 0.885258 0.549976 0.000000 0.764584 0.344757 0.537135 0.743287 0.441821 0.115480 0.905027 0.720635 0.248757 0.163289 0.045150 0.648721 0.586700 0.565856 0.507896
0.767874 0.322760 0.571235 0.782458 0.442325 0.370412 0.631652 0.127018 0.610597 0.764584 0.000000 0.814542 0.346844 0.047521 0.380596 0.874011 0.150642 0.323688 0.989552 0.858064 0.803616 0.461700 0.178422 0.837296 1.136956
0.701837 0.742095 0.399778 1.079480 0.375185 0.642010 0.733827 0.941082 0.838424 0.344757 0.814542 0.000000 0.483656 0.777016 0.434221 0.332792 0.921947 0.901674 0.524396 0.229378 0.372710 0.883756 0.651216 0.900107 0.822661
0.701543 0.426071 0.379422 0.900712 0.112876 0.376549 0.623699 0.468951 0.668494 0.537135 0.346844 0.483656 0.000000 0.303855 0.100091 0.625912 0.439271 0.543266 0.785135 0.578739 0.581934 0.605798 0.223584 0.844896 1.007047
0.768817 0.336214 0.551825 0.808534 0.402963 0.370749 0.638533 0.165352 0.626318 0.743287 0.047521 0.777016 0.303855 0.000000 0.344619 0.850646 0.161914 0.357055 0.973351 0.829849 0.783514 0.486863 0.158353 0.849112 1.132246
0.605298 0.376150 0.279380 0.830089 0.075552 0.307592 0.536312 0.507410 0.591468 0.441821 0.380596 0.434221 0.100091 0.344619 0.000000 0.535504 0.496416 0.513542 0.688615 0.497072 0.486214 0.551079 0.220565 0.755540 0.906973
0.439555 0.676137 0.307848 0.864762 0.519472 0.571846 0.530311 0.996154 0.650488 0.115480 0.874011 0.332792 0.625912 0.850646 0.535504 0.000000 1.011815 0.835738 0.193623 0.105367 0.093859 0.759891 0.695647 0.637045 0.489944
0.918140 0.468620 0.713739 0.907435 0.547036 0.521001 0.779947 0.103623 0.752151 0.905027 0.150642 0.921947 0.439271 0.161914 0.496416 1.011815 0.000000 0.440787 1.135014 0.988259 0.945388 0.591945 0.320001 0.981740 1.287532
0.571670 0.163160 0.540765 0.466821 0.589090 0.268817 0.413241 0.348700 0.343168 0.720635 0.323688 0.901674 0.543266 0.357055 0.513542 0.835738 0.440787 0.000000 0.890086 0.859506 0.746843 0.160525 0.323083 0.575381 0.954090
0.382466 0.742818 0.423570 0.813019 0.686126 0.647351 0.518302 1.104579 0.637011 0.248757 0.989552 0.524396 0.785135 0.973351 0.688615 0.193623 1.135014 0.890086 0.000000 0.295026 0.203642 0.783627 0.815041 0.554492 0.303229
0.523954 0.696794 0.318814 0.937714 0.467460 0.590956 0.595229 0.983354 0.712144 0.163289 0.858064 0.229378 0.578739 0.829849 0.497072 0.105367 0.988259 0.859506 0.295026 0.000000 0.170150 0.801614 0.680713 0.723953 0.594556
0.354354 0.588968 0.232403 0.774093 0.482527 0.486023 0.437180 0.923129 0.557036 0.045150 0.803616 0.372710 0.581934 0.783514 0.486214 0.093859 0.945388 0.746843 0.203642 0.170150 0.000000 0.666940 0.626270 0.554034 0.466861
0.435434 0.180071 0.492982 0.321690 0.623550 0.250564 0.276542 0.504962 0.187251 0.648721 0.461700 0.883756 0.605798 0.486863 0.551079 0.759891 0.591945 0.160525 0.783627 0.801614 0.666940 0.000000 0.408297 0.416638 0.812797
0.622736 0.232264 0.394149 0.722148 0.291719 0.230799 0.503963 0.302651 0.512565 0.586700 0.178422 0.651216 0.223584 0.158353 0.220565 0.695647 0.320001 0.323083 0.815041 0.680713 0.626270 0.408297 0.000000 0.722111 0.978533
0.200397 0.514548 0.534166 0.272874 0.806020 0.492244 0.222180 0.906297 0.233249 0.565856 0.837296 0.900107 0.844896 0.849112 0.755540 0.637045 0.981740 0.575381 0.554492 0.723953 0.554034 0.416638 0.722111 0.000000 0.448702
0.382862 0.839194 0.627653 0.718807 0.923435 0.767634 0.540916 1.235678 0.631000 0.507896 1.136956 0.822661 1.007047 1.132246 0.906973 0.489944 1.287532 0.954090 0.303229 0.594556 0.466861 0.812797 0.978533 0.448702 0.000000
