Euclidiano
0.000000 0.091921 0.340613 0.329047 0.639125 0.727047 0.697233 0.334600 0.741312 0.179552 0.573203 0.684423 0.118905 0.554073 0.667298 0.159581 0.297038 0.406827 0.522871 0.279786 0.596697 0.742032 0.534786 0.132370 0.362150
0.091921 0.000000 0.401494 0.386786 0.695591 0.646104 0.655477 0.243927 0.815215 0.105346 0.649307 0.621302 0.110150 0.516380 0.599505 0.190982 0.211025 0.401443 0.434220 0.371523 0.647640 0.748398 0.508721 0.180637 0.380852
0.340613 0.401494 0.000000 0.020936 0.298671 0.851723 0.641572 0.578345 0.423096 0.410693 0.268554 0.721632 0.308652 0.510630 0.728660 0.472898 0.605157 0.296992 0.722995 0.306676 0.260196 0.504959 0.452240 0.435101 0.659144
0.329047 0.386786 0.020936 0.000000 0.310408 0.830805 0.623447 0.559318 0.441853 0.392597 0.288817 0.701429 0.291670 0.491493 0.708122 0.465375 0.588771 0.277993 0.702600 0.313051 0.268569 0.496978 0.433970 0.427981 0.654372
0.639125 0.695591 0.298671 0.310408 0.000000 1.034184 0.721190 0.844006 0.224865 0.688684 0.207155 0.859833 0.595232 0.630636 0.882629 0.768666 0.892078 0.451150 0.958653 0.552315 0.065748 0.418749 0.558555 0.730350 0.947259
0.727047 0.646104 0.851723 0.830805 1.034184 0.000000 0.406020 0.423160 1.237921 0.547496 1.110780 0.215751 0.633199 0.417665 0.171132 0.821824 0.552247 0.585872 0.244872 0.991550 0.968561 0.777662 0.488554 0.822138 0.965741
0.697233 0.655477 0.641572 0.623447 0.721190 0.406020 0.000000 0.554689 0.943271 0.555879 0.853654 0.190301 0.578404 0.144503 0.236693 0.844136 0.692769 0.347193 0.499651 0.886596 0.657526 0.385509 0.189560 0.826025 1.035455
0.334600 0.243927 0.578345 0.559318 0.844006 0.423160 0.554689 0.000000 1.001154 0.173448 0.844588 0.456605 0.280394 0.444368 0.421014 0.401939 0.143169 0.440153 0.193095 0.614038 0.785863 0.772477 0.471937 0.406716 0.544602
0.741312 0.815215 0.423096 0.441853 0.224865 1.237921 0.943271 1.001154 0.000000 0.833598 0.169552 1.074079 0.730161 0.845535 1.093419 0.840096 1.023771 0.652255 1.137989 0.568438 0.286134 0.638746 0.774515 0.801694 0.989871
0.179552 0.105346 0.410693 0.392597 0.688684 0.547496 0.555879 0.173448 0.833598 0.000000 0.674176 0.515962 0.107012 0.419984 0.494423 0.295779 0.207795 0.333978 0.349612 0.451212 0.634267 0.683067 0.420113 0.285801 0.479969
0.573203 0.649307 0.268554 0.288817 0.207155 1.110780 0.853654 0.844588 0.169552 0.674176 0.000000 0.963413 0.568894 0.739803 0.976901 0.670753 0.859115 0.533020 0.991398 0.404974 0.237698 0.605533 0.672501 0.632299 0.824148
0.684423 0.621302 0.721632 0.701429 0.859833 0.215751 0.190301 0.456605 1.074079 0.515962 0.963413 0.000000 0.572261 0.229200 0.050438 0.811284 0.599738 0.430800 0.347760 0.917535 0.794285 0.567504 0.301395 0.801443 0.985203
0.118905 0.110150 0.308652 0.291670 0.595232 0.633199 0.578404 0.280394 0.730161 0.107012 0.568894 0.572261 0.000000 0.435168 0.558538 0.272743 0.297506 0.296675 0.451127 0.358352 0.544347 0.640645 0.417123 0.249740 0.473329
0.554073 0.516380 0.510630 0.491493 0.630636 0.417665 0.144503 0.444368 0.845535 0.419984 0.739803 0.229200 0.435168 0.000000 0.254762 0.703197 0.574763 0.213670 0.434169 0.743809 0.565087 0.372624 0.072531 0.683806 0.897197
0.667298 0.599505 0.728660 0.708122 0.882629 0.171132 0.236693 0.421014 1.093419 0.494423 0.976901 0.050438 0.558538 0.254762 0.000000 0.787833 0.563568 0.444217 0.300769 0.909572 0.816901 0.607096 0.327155 0.780136 0.956459
0.159581 0.190982 0.472898 0.465375 0.768666 0.821824 0.844136 0.401939 0.840096 0.295779 0.670753 0.811284 0.272743 0.703197 0.787833 0.000000 0.305903 0.565997 0.594155 0.299157 0.733078 0.901022 0.689436 0.038720 0.202573
0.297038 0.211025 0.605157 0.588771 0.892078 0.552247 0.692769 0.143169 1.023771 0.207795 0.859115 0.599738 0.297506 0.574763 0.563568 0.305903 0.000000 0.533737 0.309685 0.566769 0.839551 0.879102 0.593339 0.322277 0.415428
0.406827 0.401443 0.296992 0.277993 0.451150 0.585872 0.347193 0.440153 0.652255 0.333978 0.533020 0.430800 0.296675 0.213670 0.444217 0.565997 0.533737 0.000000 0.516999 0.546808 0.386200 0.349394 0.158003 0.538646 0.768199
0.522871 0.434220 0.722995 0.702600 0.958653 0.244872 0.499651 0.193095 1.137989 0.349612 0.991398 0.347760 0.451127 0.434169 0.300769 0.594155 0.309685 0.516999 0.000000 0.800018 0.895935 0.801798 0.486894 0.599782 0.724921
0.279786 0.371523 0.306676 0.313051 0.552315 0.991550 0.886596 0.614038 0.568438 0.451212 0.404974 0.917535 0.358352 0.743809 0.909572 0.299157 0.566769 0.546808 0.800018 0.000000 0.537227 0.809941 0.702015 0.265323 0.422110
0.596697 0.647640 0.260196 0.268569 0.065748 0.968561 0.657526 0.785863 0.286134 0.634267 0.237698 0.794285 0.544347 0.565087 0.816901 0.733078 0.839551 0.386200 0.895935 0.537227 0.000000 0.369911 0.493090 0.695295 0.917778
0.742032 0.748398 0.504959 0.496978 0.418749 0.777662 0.385509 0.772477 0.638746 0.683067 0.605533 0.567504 0.640645 0.372624 0.607096 0.901022 0.879102 0.349394 0.801798 0.809941 0.369911 0.000000 0.314921 0.869867 1.103207
0.534786 0.508721 0.452240 0.433970 0.558555 0.488554 0.189560 0.471937 0.774515 0.420113 0.672501 0.301395 0.417123 0.072531 0.327155 0.689436 0.593339 0.158003 0.486894 0.702015 0.493090 0.314921 0.000000 0.666689 0.887926
0.132370 0.180637 0.435101 0.427981 0.730350 0.822138 0.826025 0.406716 0.801694 0.285801 0.632299 0.801443 0.249740 0.683806 0.780136 0.038720 0.322277 0.538646 0.599782 0.265323 0.695295 0.869867 0.666689 0.000000 0.233709
0.362150 0.380852 0.659144 0.654372 0.947259 0.965741 1.035455 0.544602 0.989871 0.479969 0.824148 0.985203 0.473329 0.897197 0.956459 0.202573 0.415428 0.768199 0.724921 0.422110 0.917778 1.103207 0.887926 0.233709 0.000000
