Euclidiano
0.000000 0.301095 0.047937 0.471587 0.593873 0.104918 0.854270 0.389359 0.397797 0.550073 0.019331 0.476502 0.816505 0.793107 0.579778 0.846005 0.736467 0.506676 0.250664 0.745801 0.441319 0.639335 1.006196 0.603847 0.552103
0.301095 0.000000 0.327199 0.521121 0.308186 0.255642 0.758183 0.469064 0.397236 0.267749 0.285434 0.229013 0.519173 0.647679 0.287511 0.617879 0.452355 0.654451 0.076207 0.483364 0.151359 0.361941 0.829151 0.621108 0.511638
0.047937 0.327199 0.000000 0.434617 0.608972 0.152685 0.829688 0.351003 0.369932 0.583903 0.049924 0.514960 0.835667 0.776570 0.611052 0.843765 0.749717 0.460278 0.284524 0.752478 0.460136 0.674711 0.992874 0.568113 0.524622
0.471587 0.521121 0.434617 0.000000 0.608355 0.552452 0.442263 0.085152 0.128513 0.758088 0.458573 0.747186 0.825698 0.455148 0.755649 0.636216 0.699361 0.204468 0.547551 0.641504 0.541224 0.848589 0.675676 0.134493 0.158015
0.593873 0.308186 0.608972 0.608355 0.000000 0.563009 0.639558 0.597894 0.486924 0.270100 0.575960 0.344780 0.233704 0.489186 0.232125 0.356469 0.144298 0.796058 0.381700 0.191086 0.156891 0.321674 0.608282 0.651612 0.514664
0.104918 0.255642 0.152685 0.552452 0.563009 0.000000 0.905811 0.474038 0.462795 0.475920 0.106588 0.392092 0.773049 0.828149 0.511314 0.849688 0.707307 0.606485 0.188043 0.731179 0.406209 0.560437 1.032442 0.680804 0.613065
0.854270 0.758183 0.829688 0.442263 0.639558 0.905811 0.000000 0.519000 0.460755 0.891737 0.837044 0.932899 0.762742 0.161596 0.864024 0.410537 0.637212 0.602249 0.818784 0.536435 0.682437 0.958269 0.282907 0.332319 0.307600
0.389359 0.469064 0.351003 0.085152 0.597894 0.474038 0.519000 0.000000 0.116045 0.719152 0.377161 0.697834 0.823987 0.515369 0.722021 0.672938 0.702742 0.198835 0.486325 0.656284 0.510738 0.811856 0.738541 0.219618 0.219453
0.397797 0.397236 0.369932 0.128513 0.486924 0.462795 0.460755 0.116045 0.000000 0.629672 0.381702 0.621051 0.710186 0.427239 0.627214 0.562701 0.587597 0.310099 0.430139 0.540281 0.412916 0.720076 0.650447 0.227646 0.154706
0.550073 0.267749 0.583903 0.758088 0.270100 0.475920 0.891737 0.719152 0.629672 0.000000 0.537510 0.105791 0.362349 0.749843 0.050887 0.623576 0.368132 0.912101 0.299680 0.450725 0.223557 0.094453 0.878348 0.837004 0.709844
0.019331 0.285434 0.049924 0.458573 0.575960 0.106588 0.837044 0.377161 0.381702 0.537510 0.000000 0.466316 0.799421 0.774569 0.566152 0.826679 0.718310 0.500583 0.237831 0.726886 0.424004 0.627532 0.987289 0.590139 0.535716
0.476502 0.229013 0.514960 0.747186 0.344780 0.392092 0.932899 0.697834 0.621051 0.105791 0.466316 0.000000 0.466214 0.800663 0.155567 0.701042 0.460275 0.883005 0.234491 0.533715 0.250511 0.171323 0.947390 0.839864 0.721079
0.816505 0.519173 0.835667 0.825698 0.233704 0.773049 0.762742 0.823987 0.710186 0.362349 0.799421 0.466214 0.000000 0.601312 0.311503 0.379725 0.132059 1.020256 0.585520 0.226395 0.375633 0.349840 0.640974 0.850135 0.712823
0.793107 0.647679 0.776570 0.455148 0.489186 0.828149 0.161596 0.515369 0.427239 0.749843 0.774569 0.800663 0.601312 0.000000 0.718335 0.254953 0.476675 0.645765 0.715060 0.375127 0.551650 0.810503 0.223681 0.383821 0.298057
0.579778 0.287511 0.611052 0.755649 0.232125 0.511314 0.864024 0.722021 0.627214 0.050887 0.566152 0.155567 0.311503 0.718335 0.000000 0.580826 0.320337 0.917592 0.329448 0.406380 0.214721 0.096725 0.838407 0.827475 0.697151
0.846005 0.617879 0.843765 0.636216 0.356469 0.849688 0.410537 0.672938 0.562701 0.623576 0.826679 0.701042 0.379725 0.254953 0.580826 0.000000 0.277170 0.839760 0.693676 0.176415 0.481075 0.659809 0.265144 0.602821 0.484571
0.736467 0.452355 0.749717 0.699361 0.144298 0.707307 0.637212 0.702742 0.587597 0.368132 0.718310 0.460275 0.132059 0.476675 0.320337 0.277170 0.000000 0.896825 0.525368 0.104774 0.301153 0.389056 0.542238 0.719076 0.582067
0.506676 0.654451 0.460278 0.204468 0.796058 0.606485 0.602249 0.198835 0.310099 0.912101 0.500583 0.883005 1.020256 0.645765 0.917592 0.839760 0.896825 0.000000 0.660398 0.843797 0.708135 1.005647 0.859786 0.270677 0.356821
0.250664 0.076207 0.284524 0.547551 0.381700 0.188043 0.818784 0.486325 0.430139 0.299680 0.237831 0.234491 0.585520 0.715060 0.329448 0.693676 0.525368 0.660398 0.000000 0.559246 0.225632 0.390204 0.901489 0.657498 0.557821
0.745801 0.483364 0.752478 0.641504 0.191086 0.731179 0.536435 0.656284 0.540281 0.450725 0.726886 0.533715 0.226395 0.375127 0.406380 0.176415 0.104774 0.843797 0.559246 0.000000 0.335437 0.483539 0.440141 0.645114 0.510899
0.441319 0.151359 0.460136 0.541224 0.156891 0.406209 0.682437 0.510738 0.412916 0.223557 0.424004 0.250511 0.375633 0.551650 0.214721 0.481075 0.301153 0.708135 0.225632 0.335437 0.000000 0.309308 0.710476 0.614187 0.486287
0.639335 0.361941 0.674711 0.848589 0.321674 0.560437 0.958269 0.811856 0.720076 0.094453 0.627532 0.171323 0.349840 0.810503 0.096725 0.659809 0.389056 1.005647 0.390204 0.483539 0.309308 0.000000 0.921235 0.923175 0.793490
1.006196 0.829151 0.992874 0.675676 0.608282 1.032442 0.282907 0.738541 0.650447 0.878348 0.987289 0.947390 0.640974 0.223681 0.838407 0.265144 0.542238 0.859786 0.901489 0.440141 0.710476 0.921235 0.000000 0.591394 0.520127
0.603847 0.621108 0.568113 0.134493 0.651612 0.680804 0.332319 0.219618 0.227646 0.837004 0.590139 0.839864 0.850135 0.383821 0.827475 0.602821 0.719076 0.270677 0.657498 0.645114 0.614187 0.923175 0.591394 0.000000 0.137729
0.552103 0.511638 0.524622 0.158015 0.514664 0.613065 0.307600 0.219453 0.154706 0.709844 0.535716 0.721079 0.712823 0.298057 0.697151 0.484571 0.582067 0.356821 0.557821 0.510899 0.486287 0.793490 0.520127 0.137729 0.000000
