Euclidiano
0.000000 0.088412 0.789741 0.866999 0.117224 0.371826 0.805408 0.179477 0.181863 0.574168 0.680084 0.763256 0.931386 0.808173 0.355333 0.577096 0.788685 0.401554 0.807769 0.706440 0.495477 0.462194 0.353821 0.341960 0.743125
0.088412 0.000000 0.866513 0.869635 0.090433 0.459274 0.887763 0.243327 0.251972 0.662428 0.746467 0.846609 1.009612 0.822950 0.420580 0.636351 0.791397 0.483854 0.865257 0.711120 0.575246 0.548785 0.440978 0.428789 0.820184
0.789741 0.866513 0.000000 0.830120 0.816169 0.562801 0.123921 0.626262 0.768362 0.387553 0.193132 0.147610 0.145664 0.702795 0.458065 0.314889 0.791175 0.395411 0.284776 0.743191 0.296901 0.381209 0.474722 0.590400 0.046789
0.866999 0.869635 0.830120 0.000000 0.779388 1.004432 0.945787 0.734834 1.006848 1.019601 0.645793 0.946500 0.930482 0.127578 0.660238 0.565198 0.078391 0.804624 0.567674 0.160819 0.783827 0.897513 0.880137 1.002929 0.814867
0.117224 0.090433 0.816169 0.779388 0.000000 0.467339 0.848535 0.191740 0.298873 0.650883 0.682949 0.810230 0.961034 0.732840 0.360651 0.566758 0.701117 0.449274 0.792601 0.620723 0.533338 0.526677 0.423856 0.440654 0.770638
0.371826 0.459274 0.562801 1.004432 0.467339 0.000000 0.527511 0.329085 0.248635 0.227915 0.545470 0.478681 0.680590 0.906397 0.344332 0.509972 0.933218 0.221791 0.708089 0.853344 0.299720 0.183000 0.128626 0.034428 0.519311
0.805408 0.887763 0.123921 0.945787 0.848535 0.527511 0.000000 0.656859 0.755684 0.320903 0.300823 0.049469 0.160382 0.819070 0.504521 0.407351 0.903060 0.404024 0.408502 0.850420 0.315231 0.358495 0.464391 0.558847 0.130958
0.179477 0.243327 0.626262 0.734834 0.191740 0.329085 0.656859 0.000000 0.273060 0.476674 0.503652 0.618950 0.770585 0.660118 0.177682 0.397737 0.658096 0.260047 0.628330 0.575063 0.341636 0.344882 0.251077 0.311854 0.580370
0.181863 0.251972 0.768362 1.006848 0.298873 0.248635 0.755684 0.273060 0.000000 0.475016 0.701190 0.708731 0.899594 0.932973 0.405902 0.624247 0.929636 0.376729 0.849739 0.846542 0.475335 0.397198 0.294256 0.214264 0.722125
0.574168 0.662428 0.387553 1.019601 0.650883 0.227915 0.320903 0.476674 0.475016 0.000000 0.441621 0.271626 0.480627 0.905052 0.399550 0.463498 0.957859 0.240073 0.602917 0.886136 0.235801 0.138606 0.227477 0.262172 0.352253
0.680084 0.746467 0.193132 0.645793 0.682949 0.545470 0.300823 0.503652 0.701190 0.441621 0.000000 0.301278 0.323657 0.519697 0.325991 0.130636 0.602259 0.333004 0.164654 0.551204 0.245800 0.370728 0.428722 0.564598 0.170041
0.763256 0.846609 0.147610 0.946500 0.810230 0.478681 0.049469 0.618950 0.708731 0.271626 0.301278 0.000000 0.209155 0.820813 0.472633 0.396076 0.900316 0.362918 0.425032 0.844138 0.278441 0.311832 0.418856 0.510249 0.138404
0.931386 1.009612 0.145664 0.930482 0.961034 0.680590 0.160382 0.770585 0.899594 0.480627 0.323657 0.209155 0.000000 0.803191 0.603623 0.452059 0.899803 0.532944 0.364030 0.859735 0.436201 0.504749 0.605477 0.710669 0.190421
0.808173 0.822950 0.702795 0.127578 0.732840 0.906397 0.819070 0.660118 0.932973 0.905052 0.519697 0.820813 0.803191 0.000000 0.563154 0.445262 0.113009 0.698709 0.440972 0.138099 0.669578 0.787661 0.779626 0.907903 0.688231
0.355333 0.420580 0.458065 0.660238 0.360651 0.344332 0.504521 0.177682 0.405902 0.399550 0.325991 0.472633 0.603623 0.563154 0.000000 0.224053 0.589764 0.160182 0.454592 0.510968 0.198992 0.262060 0.220613 0.344748 0.413532
0.577096 0.636351 0.314889 0.565198 0.566758 0.509972 0.407351 0.397737 0.624247 0.463498 0.130636 0.396076 0.452059 0.445262 0.224053 0.000000 0.511254 0.288216 0.230818 0.449948 0.231949 0.358481 0.383066 0.521957 0.282585
0.788685 0.791397 0.791175 0.078391 0.701117 0.933218 0.903060 0.658096 0.929636 0.957859 0.602259 0.900316 0.899803 0.113009 0.589764 0.511254 0.000000 0.737699 0.541963 0.083093 0.722661 0.832646 0.810261 0.930596 0.772284
0.401554 0.483854 0.395411 0.804624 0.449274 0.221791 0.404024 0.260047 0.376729 0.240073 0.333004 0.362918 0.532944 0.698709 0.160182 0.288216 0.737699 0.000000 0.491715 0.661707 0.099055 0.101948 0.096775 0.235446 0.348695
0.807769 0.865257 0.284776 0.567674 0.792601 0.708089 0.408502 0.628330 0.849739 0.602917 0.164654 0.425032 0.364030 0.440972 0.454592 0.230818 0.541963 0.491715 0.000000 0.511457 0.409120 0.535186 0.588347 0.725855 0.287060
0.706440 0.711120 0.743191 0.160819 0.620723 0.853344 0.850420 0.575063 0.846542 0.886136 0.551204 0.844138 0.859735 0.138099 0.510968 0.449948 0.083093 0.661707 0.511457 0.000000 0.652191 0.758309 0.731572 0.849900 0.720615
0.495477 0.575246 0.296901 0.783827 0.533338 0.299720 0.315231 0.341636 0.475335 0.235801 0.245800 0.278441 0.436201 0.669578 0.198992 0.231949 0.722661 0.099055 0.409120 0.652191 0.000000 0.128955 0.187480 0.319760 0.250126
0.462194 0.548785 0.381209 0.897513 0.526677 0.183000 0.358495 0.344882 0.397198 0.138606 0.370728 0.311832 0.504749 0.787661 0.262060 0.358481 0.832646 0.101948 0.535186 0.758309 0.128955 0.000000 0.109206 0.209285 0.337005
0.353821 0.440978 0.474722 0.880137 0.423856 0.128626 0.464391 0.251077 0.294256 0.227477 0.428722 0.418856 0.605477 0.779626 0.220613 0.383066 0.810261 0.096775 0.588347 0.731572 0.187480 0.109206 0.000000 0.139056 0.428776
0.341960 0.428789 0.590400 1.002929 0.440654 0.034428 0.558847 0.311854 0.214264 0.262172 0.564598 0.510249 0.710669 0.907903 0.344748 0.521957 0.930596 0.235446 0.725855 0.849900 0.319760 0.209285 0.139056 0.000000 0.546287
0.743125 0.820184 0.046789 0.814867 0.770638 0.519311 0.130958 0.580370 0.722125 0.352253 0.170041 0.138404 0.190421 0.688231 0.413532 0.282585 0.772284 0.348695 0.287060 0.720615 0.250126 0.337005 0.428776 0.546287 0.000000
