de Poincaré
0.000000 2.884623 1.155476 1.850861 5.688849 2.363663 1.125849 6.191012 3.428195 3.066889 1.610595 2.622574 0.202358 1.797601 1.991425 1.299528 2.684734 2.878884 5.925270 3.085597 1.801030 3.447036 2.726462 3.974265 1.129468
2.884623 0.000000 2.593624 1.560956 5.752324 3.104664 1.629460 4.097015 0.698628 3.584154 2.812064 1.659703 2.686456 1.423514 2.262788 1.457193 3.365739 4.033440 7.602410 3.077238 1.091508 5.087912 4.992472 3.222260 3.759856
1.155476 2.593624 0.000000 1.912370 4.851121 1.263953 1.082174 5.958730 3.137315 3.467117 0.453008 2.002167 1.059683 1.801733 1.080219 1.046167 1.609851 3.482122 6.655811 2.186909 1.517178 4.194848 3.634075 4.052051 2.197095
1.850861 1.560956 1.912370 0.000000 5.651619 2.714444 0.720570 4.931144 2.125103 2.189757 2.240077 2.005941 1.647751 0.164205 1.996356 0.823152 3.006532 2.683433 6.426085 2.998008 0.815099 3.860043 3.887640 2.412003 2.659204
5.688849 5.752324 4.851121 5.651619 0.000000 4.281010 4.976448 9.003080 6.206466 7.326586 4.706227 4.626244 5.548593 5.510031 4.143147 4.763209 4.225893 7.482448 10.726748 3.465717 4.993983 8.280299 7.887337 7.595132 6.608735
2.363663 3.104664 1.263953 2.714444 4.281010 0.000000 1.914598 6.462778 3.624915 4.371776 0.890824 2.154462 2.243683 2.578789 0.965229 1.750310 0.391289 4.459409 7.662385 1.602116 2.122120 5.211867 4.720002 4.794644 3.359666
1.125849 1.629460 1.082174 0.720570 4.976448 1.914598 0.000000 5.014498 2.188357 2.394153 1.406718 1.549277 0.934093 0.628243 1.275206 0.252827 2.214664 2.579562 6.044909 2.312069 0.605678 3.520106 3.316717 2.900986 2.013235
6.191012 4.097015 5.958730 4.931144 9.003080 6.462778 5.014498 0.000000 3.771807 6.675669 6.176158 5.202083 6.003649 4.838463 5.697465 4.888667 6.707401 7.170165 10.734571 6.441267 4.673567 8.233076 8.182387 6.012394 7.003529
3.428195 0.698628 3.137315 2.125103 6.206466 3.624915 2.188357 3.771807 0.000000 4.077828 3.348490 2.154274 3.233147 1.998496 2.797727 2.019731 3.877825 4.539329 8.101664 3.566384 1.695032 5.592620 5.505369 3.609871 4.288093
3.066889 3.584154 3.467117 2.189757 7.326586 4.371776 2.394153 6.675669 4.077828 0.000000 3.836547 3.923507 2.900395 2.305625 3.760835 2.603243 4.659129 2.088433 6.684628 4.752354 2.817139 4.006639 4.609209 3.367033 3.587989
1.610595 2.812064 0.453008 2.240077 4.706227 0.890824 1.406718 6.176158 3.348490 3.836547 0.000000 2.081080 1.512193 2.118248 0.997282 1.314732 1.248118 3.875851 7.049063 2.036904 1.759028 4.595895 4.044664 4.360698 2.634484
2.622574 1.659703 2.002167 2.005941 4.626244 2.154462 1.549277 5.202083 2.154274 3.923507 2.081080 0.000000 2.440160 1.838624 1.231960 1.268169 2.384661 4.195514 7.601732 1.772449 1.170564 5.114893 4.857576 3.997336 3.571077
0.202358 2.686456 1.059683 1.647751 5.548593 2.243683 0.934093 6.003649 3.233147 2.900395 1.512193 2.440160 0.000000 1.594264 1.836596 1.113411 2.564991 2.752021 5.879106 2.933567 1.604229 3.385285 2.786251 3.784795 1.254620
1.797601 1.423514 1.801733 0.164205 5.510031 2.578789 0.628243 4.838463 1.998496 2.305625 2.118248 1.838624 1.594264 0.000000 1.848471 0.694898 2.870294 2.753625 6.442475 2.846448 0.651058 3.886841 3.870987 2.489018 2.629597
1.991425 2.262788 1.080219 1.996356 4.143147 0.965229 1.275206 5.697465 2.797727 3.760835 0.997282 1.231960 1.836596 1.848471 0.000000 1.053602 1.241063 3.910399 7.203888 1.217592 1.317335 4.732414 4.338410 4.096958 2.992935
1.299528 1.457193 1.046167 0.823152 4.763209 1.750310 0.252827 4.888667 2.019731 2.603243 1.314732 1.268169 1.113411 0.694898 1.053602 0.000000 2.044244 2.819703 6.260698 2.070930 0.416894 3.749727 3.518052 2.968157 2.214736
2.684734 3.365739 1.609851 3.006532 4.225893 0.391289 2.214664 6.707401 3.877825 4.659129 1.248118 2.384661 2.564991 2.870294 1.241063 2.044244 0.000000 4.750879 7.949660 1.647196 2.405738 5.502521 5.014462 5.067640 3.666757
2.878884 4.033440 3.482122 2.683433 7.482448 4.459409 2.579562 7.170165 4.539329 2.088433 3.875851 4.195514 2.752021 2.753625 3.910399 2.819703 4.750879 0.000000 5.740790 4.920710 3.146932 2.855329 4.046273 4.291945 3.173712
5.925270 7.602410 6.655811 6.426085 10.726748 7.662385 6.044909 10.734571 8.101664 6.684628 7.049063 7.601732 5.879106 6.442475 7.203888 6.260698 7.949660 5.740790 0.000000 8.201554 6.668496 3.990436 6.004466 8.169189 5.787447
3.085597 3.077238 2.186909 2.998008 3.465717 1.602116 2.312069 6.441267 3.566384 4.752354 2.036904 1.772449 2.933567 2.846448 1.217592 2.070930 1.647196 4.920710 8.201554 0.000000 2.274352 5.741387 5.359893 5.015428 4.051006
1.801030 1.091508 1.517178 0.815099 4.993983 2.122120 0.605678 4.673567 1.695032 2.817139 1.759028 1.170564 1.604229 0.651058 1.317335 0.416894 2.405738 3.146932 6.668496 2.274352 0.000000 4.149603 3.989431 2.930065 2.710692
3.447036 5.087912 4.194848 3.860043 8.280299 5.211867 3.520106 8.233076 5.592620 4.006639 4.595895 5.114893 3.385285 3.886841 4.732414 3.749727 5.502521 2.855329 3.990436 5.741387 4.149603 0.000000 3.808792 5.612295 3.377336
2.726462 4.992472 3.634075 3.887640 7.887337 4.720002 3.316717 8.182387 5.505369 4.609209 4.044664 4.857576 2.786251 3.870987 4.338410 3.518052 5.014462 4.046273 6.004466 5.359893 3.989431 3.808792 0.000000 5.803806 1.942449
3.974265 3.222260 4.052051 2.412003 7.595132 4.794644 2.900986 6.012394 3.609871 3.367033 4.360698 3.997336 3.784795 2.489018 4.096958 2.968157 5.067640 4.291945 8.169189 5.015428 2.930065 5.612295 5.803806 0.000000 4.683877
1.129468 3.759856 2.197095 2.659204 6.608735 3.359666 2.013235 7.003529 4.288093 3.587989 2.634484 3.571077 1.254620 2.629597 2.992935 2.214736 3.666757 3.173712 5.787447 4.051006 2.710692 3.377336 1.942449 4.683877 0.000000
