de Poincaré
0.000000 8.749992 4.600275 4.376196 5.352946 7.250450 5.109817 5.391227 6.237519 5.800113 7.338940 5.186976 4.844031 4.135751 3.614301 5.369001 5.019435 5.446011 5.018127 4.048411 5.678340 5.991027 6.887245 3.096762 5.536459
8.749992 0.000000 5.159699 5.154090 5.150351 4.668068 5.500228 8.340930 8.242394 9.082675 5.944908 5.619287 8.638140 4.973559 5.947663 8.869031 7.475853 6.927870 5.990358 7.304290 5.226705 8.412785 10.229775 7.642792 5.393310
4.600275 5.159699 0.000000 0.220486 0.872273 3.367971 0.642777 3.855062 3.636869 4.665217 3.305409 2.463878 4.730592 0.751280 1.942244 4.470048 2.864739 2.147499 1.039976 2.802711 1.279714 3.862916 6.405258 3.596816 2.578494
4.376196 5.154090 0.220486 0.000000 1.066095 3.423375 0.828495 3.669390 3.513644 4.471407 3.406191 2.305749 4.509765 0.580005 1.717428 4.270062 2.698148 2.087285 1.077660 2.595906 1.458065 3.705608 6.189969 3.367810 2.447148
5.352946 5.150351 0.872273 1.066095 0.000000 3.090902 0.738166 4.609462 4.312338 5.417293 2.809656 2.997786 5.444279 1.433123 2.681368 5.228494 3.619986 2.761299 1.552628 3.596470 0.447711 4.584660 7.098963 4.343524 3.032468
7.250450 4.668068 3.367971 3.423375 3.090902 0.000000 3.573011 6.718678 6.542557 7.481478 3.019742 4.419140 7.214378 3.406214 4.508203 7.278196 5.816139 5.160613 4.157277 5.700978 3.024388 6.752413 8.827345 6.184320 4.295320
5.109817 5.500228 0.642777 0.828495 0.738166 3.573011 0.000000 4.214728 3.823153 5.052262 3.320163 3.056765 5.280911 1.368661 2.542941 4.875744 3.168758 2.165728 0.866003 3.222428 1.106536 4.142819 6.954733 4.147358 3.148906
5.391227 8.340930 3.855062 3.669390 4.609462 6.718678 4.214728 0.000000 3.920060 2.368193 6.691777 5.210192 6.278725 3.751234 4.007337 2.826029 2.077498 3.819015 3.859964 1.913165 4.942001 2.799592 8.064457 4.954064 5.460481
6.237519 8.242394 3.636869 3.513644 4.312338 6.542557 3.823153 3.920060 0.000000 5.092214 6.433962 5.347922 6.805368 3.779232 4.363300 5.091615 2.338374 2.553449 3.269768 3.545792 4.635182 2.701155 8.540716 5.569796 5.549021
5.800113 9.082675 4.665217 4.471407 5.417293 7.481478 5.052262 2.368193 5.092214 0.000000 7.473276 5.899558 6.826847 4.498665 4.651396 1.790702 3.468616 4.815986 4.751343 2.546223 5.746515 4.268626 8.627959 5.479348 6.161606
7.338940 5.944908 3.305409 3.406191 2.809656 3.019742 3.320163 6.691777 6.433962 7.473276 0.000000 4.784318 7.368265 3.545638 4.680089 7.280787 5.756822 4.991406 3.950614 5.700562 2.562583 6.685652 8.996336 6.313755 4.734939
5.186976 5.619287 2.463878 2.305749 2.997786 4.419140 3.056765 5.210192 5.347922 5.899558 4.784318 0.000000 4.753457 1.718740 1.920047 5.646583 4.430213 4.161141 3.338334 4.064225 3.283207 5.405299 6.289448 3.852185 0.812144
4.844031 8.638140 4.730592 4.509765 5.444279 7.214378 5.280911 6.278725 6.805368 6.826847 7.368265 4.753457 0.000000 4.118355 3.209784 6.492495 5.718373 5.866216 5.301745 5.026620 5.759867 6.688212 3.896953 2.466352 5.181617
4.135751 4.973559 0.751280 0.580005 1.433123 3.406214 1.368661 3.751234 3.779232 4.498665 3.545638 1.718740 4.118355 0.000000 1.240037 4.268748 2.879493 2.499439 1.617925 2.618000 1.781831 3.883979 5.779193 3.016507 1.902165
3.614301 5.947663 1.942244 1.717428 2.681368 4.508203 2.542941 4.007337 4.363300 4.651396 4.680089 1.920047 3.209784 1.240037 0.000000 4.359206 3.309281 3.297567 2.623578 2.748158 3.015080 4.319574 4.905885 2.131280 2.369456
5.369001 8.869031 4.470048 4.270062 5.228494 7.278196 4.875744 2.826029 5.091615 1.790702 7.280787 5.646583 6.492495 4.268748 4.359206 0.000000 3.514461 4.718466 4.598899 2.265090 5.558745 4.391854 8.306815 5.120653 5.917230
5.019435 7.475853 2.864739 2.698148 3.619986 5.816139 3.168758 2.077498 2.338374 3.468616 5.756822 4.430213 5.718373 2.879493 3.309281 3.514461 0.000000 2.452009 2.708377 1.858415 3.959691 1.497820 7.481767 4.428838 4.660923
5.446011 6.927870 2.147499 2.087285 2.761299 5.160613 2.165728 3.819015 2.553449 4.815986 4.991406 4.161141 5.866216 2.499439 3.297567 4.718466 2.452009 0.000000 1.407802 3.060103 3.091421 3.361886 7.581914 4.661190 4.333606
5.018127 5.990358 1.039976 1.077660 1.552628 4.157277 0.866003 3.859964 3.269768 4.751343 3.950614 3.338334 5.301745 1.617925 2.623578 4.598899 2.708377 1.407802 0.000000 2.922190 1.905247 3.689868 6.997998 4.129208 3.479176
4.048411 7.304290 2.802711 2.595906 3.596470 5.700978 3.222428 1.913165 3.545792 2.546223 5.700562 4.064225 5.026620 2.618000 2.748158 2.265090 1.858415 3.060103 2.922190 0.000000 3.939825 2.966538 6.840441 3.639824 4.336820
5.678340 5.226705 1.279714 1.458065 0.447711 3.024388 1.106536 4.942001 4.635182 5.746515 2.562583 3.283207 5.759867 1.781831 3.015080 5.558745 3.959691 3.091421 1.905247 3.939825 0.000000 4.913176 7.408823 4.668991 3.296900
5.991027 8.412785 3.862916 3.705608 4.584660 6.752413 4.142819 2.799592 2.701155 4.268626 6.685652 5.405299 6.688212 3.883979 4.319574 4.391854 1.497820 3.361886 3.689868 2.966538 4.913176 0.000000 8.444476 5.416387 5.629550
6.887245 10.229775 6.405258 6.189969 7.098963 8.827345 6.954733 8.064457 8.540716 8.627959 8.996336 6.289448 3.896953 5.779193 4.905885 8.306815 7.481767 7.581914 6.997998 6.840441 7.408823 8.444476 0.000000 4.835669 6.728757
3.096762 7.642792 3.596816 3.367810 4.343524 6.184320 4.147358 4.954064 5.569796 5.479348 6.313755 3.852185 2.466352 3.016507 2.131280 5.120653 4.428838 4.661190 4.129208 3.639824 4.668991 5.416387 4.835669 0.000000 4.258393
5.536459 5.393310 2.578494 2.447148 3.032468 4.295320 3.148906 5.460481 5.549021 6.161606 4.734939 0.812144 5.181617 1.902165 2.369456 5.917230 4.660923 4.333606 3.479176 4.336820 3.296900 5.629550 6.728757 4.258393 0.000000
