de Poincaré
0.000000 3.936624 2.633351 1.031988 2.898958 3.984908 2.231380 1.723147 2.257925 2.663198 2.438654 6.313984 3.199367 1.351839 4.256203 1.869573 1.570474 2.179344 1.810941 3.271114 3.231816 2.489156 2.380520 4.663493 1.917999
3.936624 0.000000 3.470412 3.126251 4.258302 5.017834 2.704865 2.801948 4.757341 5.524992 3.584971 4.257093 4.702170 3.644650 5.858994 3.470156 4.730267 3.142833 3.593694 4.074705 2.095143 1.889578 2.742743 5.964219 2.483048
2.633351 3.470412 0.000000 1.712271 1.149818 1.723729 0.762334 2.431118 2.654005 3.722880 3.401749 5.477306 1.743536 1.653424 3.111306 1.001911 3.016443 3.005000 1.205949 0.651800 3.282326 2.412462 0.799014 2.960201 2.290030
1.031988 3.126251 1.712271 0.000000 2.081309 3.141033 1.277743 1.152013 1.983255 2.769214 2.139951 5.482615 2.442096 0.765686 3.585408 1.050304 1.847399 1.758979 1.043928 2.365092 2.528716 1.683288 1.421875 3.902864 1.202171
2.898958 4.258302 1.149818 2.081309 0.000000 1.567000 1.661382 2.988142 2.446578 3.687122 3.924719 6.322108 0.672542 1.713107 2.264874 1.021059 3.057239 3.554036 1.142926 1.403818 3.968256 3.125254 1.762211 2.191517 2.904280
3.984908 5.017834 1.723729 3.141033 1.567000 0.000000 2.395413 3.933747 3.715181 4.851532 4.857582 6.992782 2.035970 2.917849 3.402875 2.217727 4.221991 4.484760 2.390887 1.420861 4.807164 3.977544 2.455291 2.470649 3.821563
2.231380 2.704865 0.762334 1.277743 1.661382 2.395413 0.000000 1.784162 2.588738 3.544246 2.783257 4.775312 2.170840 1.478457 3.434717 1.052296 2.782896 2.362247 1.222500 1.371265 2.546905 1.648545 0.126090 3.454279 1.598457
1.723147 2.801948 2.431118 1.152013 2.988142 3.933747 1.784162 0.000000 3.053140 3.724293 1.249881 5.424256 3.381480 1.892538 4.515954 2.017447 2.822940 0.722220 2.067939 3.088446 1.814221 1.113110 1.905103 4.759096 0.390225
2.257925 4.757341 2.654005 1.983255 2.446578 3.715181 2.588738 3.053140 0.000000 1.906459 3.896447 6.967779 2.530798 1.305747 3.387856 1.680042 1.568972 3.580910 1.516120 3.211464 4.271021 3.480557 2.737194 4.139988 3.089571
2.663198 5.524992 3.722880 2.769214 3.687122 4.851532 3.544246 3.724293 1.906459 0.000000 4.474854 7.768935 3.838358 2.358254 4.702660 2.836494 1.356659 4.200032 2.711999 4.295497 4.979586 4.233659 3.692870 5.338888 3.805236
2.438654 3.584971 3.401749 2.139951 3.924719 4.857582 2.783257 1.249881 3.896447 4.474854 0.000000 6.237276 4.297640 2.818491 5.395919 2.973788 3.585520 0.625250 3.015551 4.042096 2.374981 2.047480 2.904297 5.654787 1.510986
6.313984 4.257093 5.477306 5.482615 6.322108 6.992782 4.775312 5.424256 6.967779 7.768935 6.237276 0.000000 6.777421 5.893937 7.935929 5.630821 7.007926 5.826604 5.772514 6.027391 5.266512 4.758958 4.776824 7.985138 5.148856
3.199367 4.702170 1.743536 2.442096 0.672542 2.035970 2.170840 3.381480 2.530798 3.838358 4.297640 6.777421 0.000000 1.986535 1.742201 1.388754 3.258663 3.937878 1.448789 2.022902 4.386990 3.558651 2.282896 2.066608 3.314852
1.351839 3.644650 1.653424 0.765686 1.713107 2.917849 1.478457 1.892538 1.305747 2.358254 2.818491 5.893937 1.986535 0.000000 3.100000 0.696478 1.524884 2.466809 0.561871 2.267010 3.148413 2.314956 1.627107 3.554958 1.913632
4.256203 5.858994 3.111306 3.585408 2.264874 3.402875 3.434717 4.515954 3.387856 4.702660 5.395919 7.935929 1.742201 3.100000 0.000000 2.648714 4.208831 5.051866 2.664225 3.414799 5.525182 4.722735 3.552620 2.896825 4.465542
1.869573 3.470156 1.001911 1.050304 1.021059 2.217727 1.052296 2.017447 1.680042 2.836494 2.973788 5.630821 1.388754 0.696478 2.648714 0.000000 2.114791 2.598746 0.191969 1.574326 3.097769 2.242431 1.182950 2.940674 1.959518
1.570474 4.730267 3.016443 1.847399 3.057239 4.221991 2.782896 2.822940 1.568972 1.356659 3.585520 7.007926 3.258663 1.524884 4.208831 2.114791 0.000000 3.308522 1.989939 3.615466 4.149695 3.393101 2.934337 4.772758 2.927263
2.179344 3.142833 3.005000 1.758979 3.554036 4.484760 2.362247 0.722220 3.580910 4.200032 0.625250 5.826604 3.937878 2.466809 5.051866 2.598746 3.308522 0.000000 2.647590 3.652166 1.922795 1.523866 2.480932 5.298550 0.961323
1.810941 3.593694 1.205949 1.043928 1.142926 2.390887 1.222500 2.067939 1.516120 2.711999 3.015551 5.772514 1.448789 0.561871 2.664225 0.191969 1.989939 2.647590 0.000000 1.779968 3.191859 2.342579 1.359490 3.047165 2.029619
3.271114 4.074705 0.651800 2.365092 1.403818 1.420861 1.371265 3.088446 3.211464 4.295497 4.042096 6.027391 2.022902 2.267010 3.414799 1.574326 3.615466 3.652166 1.779968 0.000000 3.913577 3.059166 1.390253 3.031271 2.947796
3.231816 2.095143 3.282326 2.528716 3.968256 4.807164 2.546905 1.814221 4.271021 4.979586 2.374981 5.266512 4.386990 3.148413 5.525182 3.097769 4.149695 1.922795 3.191859 3.913577 0.000000 1.119613 2.627741 5.692875 1.547537
2.489156 1.889578 2.412462 1.683288 3.125254 3.977544 1.648545 1.113110 3.480557 4.233659 2.047480 4.758958 3.558651 2.314956 4.722735 2.242431 3.393101 1.523866 2.342579 3.059166 1.119613 0.000000 1.727749 4.883086 0.738315
2.380520 2.742743 0.799014 1.421875 1.762211 2.455291 0.126090 1.905103 2.737194 3.692870 2.904297 4.776824 2.282896 1.627107 3.552620 1.182950 2.934337 2.480932 1.359490 1.390253 2.627741 1.727749 0.000000 3.547969 1.708242
4.663493 5.964219 2.960201 3.902864 2.191517 2.470649 3.454279 4.759096 4.139988 5.338888 5.654787 7.985138 2.066608 3.554958 2.896825 2.940674 4.772758 5.298550 3.047165 3.031271 5.692875 4.883086 3.547969 0.000000 4.677929
1.917999 2.483048 2.290030 1.202171 2.904280 3.821563 1.598457 0.390225 3.089571 3.805236 1.510986 5.148856 3.314852 1.913632 4.465542 1.959518 2.927263 0.961323 2.029619 2.947796 1.547537 0.738315 1.708242 4.677929 0.000000
