de Poincaré
0.000000 6.556557 3.455366 3.843285 2.778023 8.697560 3.118009 3.218755 6.201264 6.052212 4.337522 3.662033 2.601938 3.144795 5.402045 0.537564 2.322925 4.869278 2.487720 1.590680 3.323619 6.505099 2.104855 2.500628 6.785329
6.556557 0.000000 3.566601 4.924013 4.174341 6.174930 8.574863 8.681314 7.135432 3.830982 3.021697 4.295365 8.035089 5.571994 6.315927 6.317259 5.366410 6.334182 4.222130 5.639672 3.447776 5.653590 5.291797 4.195860 1.780569
3.455366 3.566601 0.000000 1.568726 0.792646 5.659386 5.516215 5.653845 4.701611 2.897994 0.963932 1.705182 5.008876 2.260468 3.864285 3.214255 2.075295 3.705316 1.067830 2.529488 0.434369 3.486561 2.209348 1.041983 3.854582
3.843285 4.924013 1.568726 0.000000 1.301632 6.786948 5.841390 6.077150 5.837655 4.048748 2.428713 2.981155 5.460725 1.802831 5.019575 3.645196 2.086980 4.766396 1.877778 3.095219 1.868814 4.111876 2.908235 1.858433 5.225232
2.778023 4.174341 0.792646 1.301632 0.000000 6.261148 4.869620 5.037154 4.643259 3.552505 1.745154 1.744491 4.395680 1.530200 3.811983 2.540951 1.270391 3.527714 0.595704 1.883665 0.859715 3.984061 1.633163 0.579134 4.435106
8.697560 6.174930 5.659386 6.786948 6.261148 0.000000 10.697644 10.828074 9.589405 3.913670 5.161955 6.764503 10.189636 7.571046 8.776307 8.468797 7.435011 8.721895 6.428134 7.823528 5.721206 6.710979 7.509369 6.401524 6.801557
3.118009 8.574863 5.516215 5.841390 4.869620 10.697644 0.000000 4.456048 8.282918 8.058914 6.377720 5.779325 4.345054 5.118179 7.491998 3.449178 4.414192 6.984286 4.643504 4.099861 5.401795 8.491737 4.461970 4.652388 8.805528
3.218755 8.681314 5.653845 6.077150 5.037154 10.828074 4.456048 0.000000 8.250112 8.193201 6.502579 5.797869 2.046652 5.469765 7.462050 3.345319 4.753644 6.912477 4.730390 3.990729 5.507744 8.654985 4.374305 4.740988 8.906155
6.201264 7.135432 4.701611 5.837655 4.643259 9.589405 8.282918 8.250112 0.000000 6.997648 5.251086 3.420062 7.560905 5.951407 1.395072 5.915140 5.494496 3.276941 4.158723 5.120739 4.290696 7.764397 4.640497 4.151821 7.278087
6.052212 3.830982 2.897994 4.048748 3.552505 3.913670 8.058914 8.193201 6.997648 0.000000 2.303671 4.129898 7.554663 4.885126 6.179941 5.822685 4.758113 6.114248 3.752960 5.173472 3.009479 3.860043 4.859035 3.725743 4.422252
4.337522 3.021697 0.963932 2.428713 1.745154 5.161955 6.377720 6.502579 5.251086 2.303671 0.000000 2.255523 5.857400 3.205378 4.416469 4.097218 3.028945 4.347615 1.925050 3.412025 1.047938 3.441513 3.072410 1.897368 3.391039
3.662033 4.295365 1.705182 2.981155 1.744491 6.764503 5.779325 5.797869 3.420062 4.129898 2.255523 0.000000 5.116655 3.186224 2.496807 3.375080 2.748568 2.521747 1.299141 2.551101 1.250282 4.926404 2.058803 1.287952 4.454892
2.601938 8.035089 5.008876 5.460725 4.395680 10.189636 4.345054 2.046652 7.560905 7.554663 5.857400 5.116655 0.000000 4.878486 6.772273 2.618738 4.150421 6.207436 4.062651 3.235381 4.853286 8.025294 3.635133 4.074113 8.258370
3.144795 5.571994 2.260468 1.802831 1.530200 7.571046 5.118179 5.469765 5.951407 4.885126 3.205378 3.186224 4.878486 0.000000 5.139126 2.994446 1.017601 4.791172 1.872536 2.606777 2.358678 5.150034 2.576385 1.866811 5.837839
5.402045 6.315927 3.864285 5.019575 3.811983 8.776307 7.491998 7.462050 1.395072 6.179941 4.416469 2.496807 6.772273 5.139126 0.000000 5.113676 4.679429 2.514445 3.318943 4.308036 3.443610 6.951720 3.817074 3.312003 6.458710
0.537564 6.317259 3.214255 3.645196 2.540951 8.468797 3.449178 3.345319 5.915140 5.822685 4.097218 3.375080 2.618738 2.994446 5.113676 0.000000 2.160394 4.565777 2.211626 1.158702 3.069739 6.287936 1.722485 2.226026 6.544166
2.322925 5.366410 2.075295 2.086980 1.270391 7.435011 4.414192 4.753644 5.494496 4.758113 3.028945 2.748568 4.150421 1.017601 4.679429 2.160394 0.000000 4.281053 1.380668 1.794703 2.079338 5.121209 1.842791 1.384011 5.617701
4.869278 6.334182 3.705316 4.766396 3.527714 8.721895 6.984286 6.912477 3.276941 6.114248 4.347615 2.521747 6.207436 4.791172 2.514445 4.565777 4.281053 0.000000 2.970915 3.728756 3.315479 6.823425 3.212817 2.970318 6.498401
2.487720 4.222130 1.067830 1.877778 0.595704 6.428134 4.643504 4.730390 4.158723 3.752960 1.925050 1.299141 4.062651 1.872536 3.318943 2.211626 1.380668 2.970915 0.000000 1.436841 0.885830 4.307756 1.081949 0.022306 4.450599
1.590680 5.639672 2.529488 3.095219 1.883665 7.823528 4.099861 3.990729 5.120739 5.173472 3.412025 2.551101 3.235381 2.606777 4.308036 1.158702 1.794703 3.728756 1.436841 0.000000 2.346472 5.676846 0.647905 1.455469 5.861436
3.323619 3.447776 0.434369 1.868814 0.859715 5.721206 5.401795 5.507744 4.290696 3.009479 1.047938 1.250282 4.853286 2.358678 3.443610 3.069739 2.079338 3.315479 0.885830 2.346472 0.000000 3.743993 1.983034 0.861346 3.691486
6.505099 5.653590 3.486561 4.111876 3.984061 6.710979 8.491737 8.654985 7.764397 3.860043 3.441513 4.926404 8.025294 5.150034 6.951720 6.287936 5.121209 6.823425 4.307756 5.676846 3.743993 0.000000 5.401713 4.281509 6.073998
2.104855 5.291797 2.209348 2.908235 1.633163 7.509369 4.461970 4.374305 4.640497 4.859035 3.072410 2.058803 3.635133 2.576385 3.817074 1.722485 1.842791 3.212817 1.081949 0.647905 1.983034 5.401713 0.000000 1.102067 5.507149
2.500628 4.195860 1.041983 1.858433 0.579134 6.401524 4.652388 4.740988 4.151821 3.725743 1.897368 1.287952 4.074113 1.866811 3.312003 2.226026 1.384011 2.970318 0.022306 1.455469 0.861346 4.281509 1.102067 0.000000 4.424755
6.785329 1.780569 3.854582 5.225232 4.435106 6.801557 8.805528 8.906155 7.278087 4.422252 3.391039 4.454892 8.258370 5.837839 6.458710 6.544166 5.617701 6.498401 4.450599 5.861436 3.691486 6.073998 5.507149 4.424755 0.000000
