Euclidiano
0.000000 0.796978 0.559159 0.538866 0.790111 1.004091 0.632971 0.786222 0.762886 0.595084
0.796978 0.000000 0.466226 0.424272 0.187043 0.305386 0.226890 0.341576 0.316284 0.205678
0.559159 0.466226 0.000000 0.588047 0.338273 0.519028 0.486087 0.699561 0.243331 0.317042
0.538866 0.424272 0.588047 0.000000 0.543088 0.722903 0.197520 0.253456 0.614823 0.326923
0.790111 0.187043 0.338273 0.543088 0.000000 0.214422 0.357021 0.518864 0.134568 0.230374
1.004091 0.305386 0.519028 0.722903 0.214422 0.000000 0.526435 0.636300 0.276461 0.435686
0.632971 0.226890 0.486087 0.197520 0.357021 0.526435 0.000000 0.214682 0.448005 0.174367
0.786222 0.341576 0.699561 0.253456 0.518864 0.636300 0.214682 0.000000 0.632558 0.383934
0.762886 0.316284 0.243331 0.614823 0.134568 0.276461 0.448005 0.632558 0.000000 0.287923
0.595084 0.205678 0.317042 0.326923 0.230374 0.435686 0.174367 0.383934 0.287923 0.000000
