Euclidiano
0.000000 0.452096 0.128505 0.364882 0.508243 0.325275 0.407339 0.249144 0.326890 0.398822
0.452096 0.000000 0.359802 0.323931 0.084669 0.597410 0.777710 0.609808 0.455125 0.059999
0.128505 0.359802 0.000000 0.372355 0.428427 0.428585 0.430233 0.259332 0.385473 0.301602
0.364882 0.323931 0.372355 0.000000 0.312327 0.315131 0.771403 0.607573 0.149727 0.317570
0.508243 0.084669 0.428427 0.312327 0.000000 0.610814 0.853049 0.683642 0.456208 0.140851
0.325275 0.597410 0.428585 0.315131 0.610814 0.000000 0.668338 0.545218 0.167484 0.567994
0.407339 0.777710 0.430233 0.771403 0.853049 0.668338 0.000000 0.170904 0.724359 0.717742
0.249144 0.609808 0.259332 0.607573 0.683642 0.545218 0.170904 0.000000 0.574895 0.550007
0.326890 0.455125 0.385473 0.149727 0.456208 0.167484 0.724359 0.574895 0.000000 0.436030
0.398822 0.059999 0.301602 0.317570 0.140851 0.567994 0.717742 0.550007 0.436030 0.000000
