Euclidiano
0.000000 0.249614 0.165110 0.443843 0.865993 0.740842 0.718806 0.604685 0.245664 0.446326
0.249614 0.000000 0.236674 0.442465 1.071910 0.810871 0.875593 0.803721 0.334892 0.383642
0.165110 0.236674 0.000000 0.579142 1.015720 0.900157 0.882763 0.760106 0.398257 0.557881
0.443843 0.442465 0.579142 0.000000 0.810398 0.380025 0.536966 0.564004 0.209386 0.110138
0.865993 1.071910 1.015720 0.810398 0.000000 0.612503 0.306591 0.268599 0.756849 0.917602
0.740842 0.810871 0.900157 0.380025 0.612503 0.000000 0.308375 0.467510 0.503296 0.476912
0.718806 0.875593 0.882763 0.536966 0.306591 0.308375 0.000000 0.203698 0.541240 0.647045
0.604685 0.803721 0.760106 0.564004 0.268599 0.467510 0.203698 0.000000 0.489523 0.666654
0.245664 0.334892 0.398257 0.209386 0.756849 0.503296 0.541240 0.489523 0.000000 0.249777
0.446326 0.383642 0.557881 0.110138 0.917602 0.476912 0.647045 0.666654 0.249777 0.000000
