Euclidiano
0.000000 0.564295 0.919613 0.382394 0.617766 0.774963 0.746591 0.579627 0.341611 0.209805
0.564295 0.000000 0.400566 0.547282 0.094045 0.218322 0.234460 0.734319 0.361629 0.370819
0.919613 0.400566 0.000000 0.752481 0.316486 0.204092 0.174773 0.856133 0.620115 0.752259
0.382394 0.547282 0.752481 0.000000 0.539959 0.688080 0.609687 0.221745 0.189300 0.422156
0.617766 0.094045 0.316486 0.539959 0.000000 0.160176 0.144533 0.707408 0.366233 0.438290
0.774963 0.218322 0.204092 0.688080 0.160176 0.000000 0.110834 0.838094 0.522229 0.587895
0.746591 0.234460 0.174773 0.609687 0.144533 0.110834 0.000000 0.743396 0.459506 0.577555
0.579627 0.734319 0.856133 0.221745 0.707408 0.838094 0.743396 0.000000 0.397903 0.643491
0.341611 0.361629 0.620115 0.189300 0.366233 0.522229 0.459506 0.397903 0.000000 0.284077
0.209805 0.370819 0.752259 0.422156 0.438290 0.587895 0.577555 0.643491 0.284077 0.000000
