de Poincaré
0.000000 2.413814 2.670531 1.141706 3.636682 2.913892 4.644993 4.518042 2.382261 4.142205
2.413814 0.000000 2.712924 2.547819 1.451915 2.339001 2.654173 2.577180 4.194213 3.287702
2.670531 2.712924 0.000000 2.051415 3.744715 1.350833 4.689310 4.439810 4.020495 2.879106
1.141706 2.547819 2.051415 0.000000 3.724523 2.537041 4.712461 4.545223 2.406495 3.851432
3.636682 1.451915 3.744715 3.724523 0.000000 3.251301 1.512057 1.738647 5.328238 4.031841
2.913892 2.339001 1.350833 2.537041 3.251301 0.000000 4.175161 3.863008 4.398269 1.641954
4.644993 2.654173 4.689310 4.712461 1.512057 4.175161 0.000000 1.554743 6.295166 4.892450
4.518042 2.577180 4.439810 4.545223 1.738647 3.863008 1.554743 0.000000 6.155111 4.516099
2.382261 4.194213 4.020495 2.406495 5.328238 4.398269 6.295166 6.155111 0.000000 5.626391
4.142205 3.287702 2.879106 3.851432 4.031841 1.641954 4.892450 4.516099 5.626391 0.000000
