de Poincaré
0.000000 4.531192 3.546097 4.560751 3.392600 7.758308 4.338797 5.551389 3.316443 2.835515
4.531192 0.000000 2.721871 2.013075 2.982188 5.220668 2.670092 5.371588 2.147642 2.814683
3.546097 2.721871 0.000000 3.323481 3.026837 6.551100 1.310374 3.318777 0.640518 0.954485
4.560751 2.013075 3.323481 0.000000 2.433086 3.951544 3.552719 5.857187 2.765181 3.192551
3.392600 2.982188 3.026837 2.433086 0.000000 5.745864 3.540293 5.443655 2.546188 2.619072
7.758308 5.220668 6.551100 3.951544 5.745864 0.000000 6.746379 9.013978 6.024865 6.440276
4.338797 2.670092 1.310374 3.552719 3.540293 6.746379 0.000000 4.138520 1.235554 2.046413
5.551389 5.371588 3.318777 5.857187 5.443655 9.013978 4.138520 0.000000 3.671308 3.445134
3.316443 2.147642 0.640518 2.765181 2.546188 6.024865 1.235554 3.671308 0.000000 0.948630
2.835515 2.814683 0.954485 3.192551 2.619072 6.440276 2.046413 3.445134 0.948630 0.000000
