de Poincaré
0.000000 3.155309 3.847394 3.538198 4.000458 0.763772 1.537426 3.837807 4.395539 1.149491
3.155309 0.000000 4.109899 0.948176 6.327273 2.818089 2.628594 2.091485 3.306961 2.229086
3.847394 4.109899 0.000000 4.192896 7.060777 3.890628 2.575105 4.047762 5.990629 2.886761
3.538198 0.948176 4.192896 0.000000 6.712015 3.253798 2.884175 1.508945 4.026253 2.558215
4.000458 6.327273 7.060777 6.712015 0.000000 4.184563 5.019557 7.021938 7.394761 4.670511
0.763772 2.818089 3.890628 3.253798 4.184563 0.000000 1.670751 3.621636 3.918997 1.112384
1.537426 2.628594 2.575105 2.884175 5.019557 1.670751 0.000000 3.020882 4.289019 0.607681
3.837807 2.091485 4.047762 1.508945 7.021938 3.621636 3.020882 0.000000 4.772093 2.807373
4.395539 3.306961 5.990629 4.026253 7.394761 3.918997 4.289019 4.772093 0.000000 3.772847
1.149491 2.229086 2.886761 2.558215 4.670511 1.112384 0.607681 2.807373 3.772847 0.000000
