de Poincaré
0.000000 0.974303 0.866633 6.484808 1.217568 2.266969 4.102189 3.180021 0.763148 3.755865
0.974303 0.000000 1.123888 6.606689 1.899911 3.093211 4.151865 2.608699 1.707718 3.072157
0.866633 1.123888 0.000000 7.110563 0.955758 2.656833 3.352675 2.660559 1.237251 3.353160
6.484808 6.606689 7.110563 0.000000 7.496924 7.940589 10.081036 8.963419 6.936992 9.422114
1.217568 1.899911 0.955758 7.496924 0.000000 2.254051 3.836877 3.596104 0.998580 4.272772
2.266969 3.093211 2.656833 7.940589 2.254051 0.000000 5.561258 5.071872 1.689026 5.668955
4.102189 4.151865 3.352675 10.081036 3.836877 5.561258 0.000000 4.745154 4.378525 5.609676
3.180021 2.608699 2.660559 8.963419 3.596104 5.071872 4.745154 0.000000 3.761318 1.769491
0.763148 1.707718 1.237251 6.936992 0.998580 1.689026 4.378525 3.761318 0.000000 4.368587
3.755865 3.072157 3.353160 9.422114 4.272772 5.668955 5.609676 1.769491 4.368587 0.000000
