de Poincaré
0.000000 6.090637 5.656426 6.839016 7.256663 5.171801 6.259595 3.671682 5.102029 4.914104
6.090637 0.000000 3.371435 7.895124 7.802722 7.421112 7.325464 6.372828 6.751528 6.610365
5.656426 3.371435 0.000000 7.082395 6.864770 6.790821 6.512890 5.782297 6.041428 5.906751
6.839016 7.895124 7.082395 0.000000 6.091591 6.591843 1.014012 6.006562 4.829761 4.826386
7.256663 7.802722 6.864770 6.091591 0.000000 7.490474 5.558484 6.733452 6.219630 6.143399
5.171801 7.421112 6.790821 6.591843 7.490474 0.000000 6.005876 2.684870 3.839102 3.550269
6.259595 7.325464 6.512890 1.014012 5.558484 6.005876 0.000000 5.419445 4.223221 4.220523
3.671682 6.372828 5.782297 6.006562 6.733452 2.684870 5.419445 0.000000 3.690324 3.443836
5.102029 6.751528 6.041428 4.829761 6.219630 3.839102 4.223221 3.690324 0.000000 0.428649
4.914104 6.610365 5.906751 4.826386 6.143399 3.550269 4.220523 3.443836 0.428649 0.000000
