Euclidiano
0.000000 0.515123 0.378931 0.578084 0.780515 0.273346 0.050879 0.150210 0.854781 0.401980 0.272907 0.535840 0.344516 0.260862 0.436485 0.715650 0.408395 0.247987 0.636850 0.708059 0.358015 0.347454 0.676093 0.804183 0.619803 0.603502 0.763008 0.351303 0.516548 0.572698
0.515123 0.000000 0.145201 0.384310 0.273907 0.442783 0.464988 0.374760 0.428870 0.424517 0.779775 0.243302 0.234079 0.736884 0.683235 0.211054 0.235875 0.359432 0.730425 0.406550 0.709767 0.607401 0.306336 0.444380 0.440275 0.101066 0.251655 0.339974 0.107999 0.147930
0.378931 0.145201 0.000000 0.339228 0.401602 0.304633 0.328121 0.249605 0.502229 0.311483 0.648960 0.222400 0.102747 0.615547 0.551793 0.356017 0.225688 0.272361 0.628526 0.413335 0.568219 0.471020 0.340832 0.482659 0.396593 0.244397 0.384831 0.295333 0.143979 0.204067
0.578084 0.384310 0.339228 0.000000 0.447135 0.330690 0.535279 0.515259 0.352664 0.206221 0.835864 0.141857 0.275007 0.838847 0.453147 0.529760 0.563676 0.588002 0.392071 0.147173 0.546699 0.422970 0.191655 0.256836 0.057719 0.459360 0.457095 0.631332 0.277198 0.261278
0.780515 0.273907 0.401602 0.447135 0.000000 0.654085 0.729720 0.645897 0.247673 0.587627 1.049477 0.336305 0.458725 1.010060 0.862271 0.173260 0.489022 0.631740 0.839065 0.371127 0.920082 0.803922 0.266003 0.334002 0.484297 0.221732 0.033941 0.599535 0.271912 0.229174
0.273346 0.442783 0.304633 0.330690 0.654085 0.000000 0.243719 0.280461 0.655480 0.132949 0.510326 0.339060 0.208833 0.525693 0.251407 0.651436 0.474324 0.395472 0.387879 0.473927 0.268890 0.166566 0.473731 0.579936 0.362259 0.543846 0.647531 0.481935 0.387000 0.425045
0.050879 0.464988 0.328121 0.535279 0.729720 0.243719 0.000000 0.107372 0.805381 0.367162 0.323355 0.487514 0.295074 0.306199 0.432415 0.666769 0.368352 0.217741 0.620089 0.662355 0.368616 0.340475 0.627393 0.756930 0.578944 0.554356 0.712366 0.321207 0.465732 0.522040
0.150210 0.374760 0.249605 0.515259 0.645897 0.280461 0.107372 0.000000 0.746777 0.380786 0.405115 0.441054 0.247960 0.366036 0.505831 0.569201 0.261008 0.121759 0.668339 0.627127 0.460965 0.412474 0.575772 0.712582 0.565375 0.458090 0.625813 0.221535 0.393120 0.452479
0.854781 0.428870 0.502229 0.352664 0.247673 0.655480 0.805381 0.746777 0.000000 0.548806 1.126801 0.322282 0.510324 1.107882 0.805811 0.415296 0.664744 0.770461 0.717033 0.216138 0.895306 0.771769 0.182392 0.121548 0.361106 0.426851 0.279194 0.767100 0.360381 0.299898
0.401980 0.424517 0.311483 0.206221 0.587627 0.132949 0.367162 0.380786 0.548806 0.000000 0.643126 0.253067 0.210053 0.657655 0.274648 0.618878 0.520629 0.482343 0.318089 0.352972 0.346997 0.224154 0.372023 0.461851 0.231365 0.521628 0.587458 0.553893 0.342025 0.363126
0.272907 0.779775 0.648960 0.835864 1.049477 0.510326 0.323355 0.405115 1.126801 0.643126 0.000000 0.806404 0.616958 0.099342 0.575236 0.971799 0.633804 0.458423 0.807118 0.972305 0.450401 0.510564 0.947076 1.071895 0.871783 0.861996 1.030358 0.546112 0.788652 0.845345
0.535840 0.243302 0.222400 0.141857 0.336305 0.339060 0.487514 0.441054 0.322282 0.253067 0.806404 0.000000 0.194603 0.792813 0.527123 0.394051 0.437807 0.490413 0.515128 0.191472 0.594461 0.474269 0.140784 0.271712 0.197045 0.318070 0.339122 0.517200 0.135631 0.123966
0.344516 0.234079 0.102747 0.275007 0.458725 0.208833 0.295074 0.247960 0.510324 0.210053 0.616958 0.194603 0.000000 0.598996 0.451331 0.442776 0.314344 0.313049 0.527977 0.379201 0.476799 0.373452 0.332947 0.466194 0.329251 0.335114 0.448069 0.363217 0.186844 0.235500
0.260862 0.736884 0.615547 0.838847 1.010060 0.525693 0.306199 0.366036 1.107882 0.657655 0.099342 0.792813 0.598996 0.000000 0.629875 0.918904 0.569210 0.395347 0.855132 0.968389 0.514054 0.555766 0.931942 1.062956 0.879750 0.812133 0.988525 0.473395 0.758658 0.817479
0.436485 0.683235 0.551793 0.453147 0.862271 0.251407 0.432415 0.505831 0.805811 0.274648 0.575236 0.527123 0.451331 0.629875 0.000000 0.886222 0.723992 0.627072 0.235517 0.595445 0.135130 0.093367 0.637515 0.704841 0.452911 0.783431 0.861857 0.721576 0.611731 0.637089
0.715650 0.211054 0.356017 0.529760 0.173260 0.651436 0.666769 0.569201 0.415296 0.618878 0.971799 0.394051 0.442776 0.918904 0.886222 0.000000 0.361530 0.525661 0.907986 0.494937 0.919523 0.814235 0.382350 0.484756 0.578151 0.112955 0.139427 0.471771 0.277046 0.270152
0.408395 0.235875 0.225688 0.563676 0.489022 0.474324 0.368352 0.261008 0.664744 0.520629 0.633804 0.437807 0.314344 0.569210 0.723992 0.361530 0.000000 0.175409 0.837814 0.622551 0.705507 0.633948 0.533019 0.674478 0.621282 0.268851 0.460294 0.111239 0.321793 0.375943
0.247987 0.359432 0.272361 0.588002 0.631740 0.395472 0.217741 0.121759 0.770461 0.482343 0.458423 0.490413 0.313049 0.395347 0.627072 0.525661 0.175409 0.000000 0.782045 0.681746 0.581462 0.533763 0.613184 0.754952 0.642181 0.422349 0.606791 0.103676 0.410190 0.470577
0.636850 0.730425 0.628526 0.392071 0.839065 0.387879 0.620089 0.668339 0.717033 0.318089 0.807118 0.515128 0.527977 0.855132 0.235517 0.907986 0.837814 0.782045 0.000000 0.502131 0.369849 0.299370 0.580703 0.600349 0.361893 0.821860 0.847921 0.863286 0.635364 0.638803
0.708059 0.406550 0.413335 0.147173 0.371127 0.473927 0.662355 0.627127 0.216138 0.352972 0.972305 0.191472 0.379201 0.968389 0.595445 0.494937 0.622551 0.681746 0.502131 0.000000 0.693287 0.569655 0.112630 0.110028 0.145382 0.454060 0.390553 0.707008 0.303505 0.259804
0.358015 0.709767 0.568219 0.546699 0.920082 0.268890 0.368616 0.460965 0.895306 0.346997 0.450401 0.594461 0.476799 0.514054 0.135130 0.919523 0.705507 0.581462 0.369849 0.693287 0.000000 0.123762 0.718934 0.803276 0.557039 0.810723 0.914981 0.682493 0.655468 0.690990
0.347454 0.607401 0.471020 0.422970 0.803922 0.166566 0.340475 0.412474 0.771769 0.224154 0.510564 0.474269 0.373452 0.555766 0.093367 0.814235 0.633948 0.533763 0.299370 0.569655 0.123762 0.000000 0.596140 0.679618 0.434482 0.708330 0.800586 0.628702 0.544139 0.575596
0.676093 0.306336 0.340832 0.191655 0.266003 0.473731 0.627393 0.575772 0.182392 0.372023 0.947076 0.140784 0.332947 0.931942 0.637515 0.382350 0.533019 0.613184 0.580703 0.112630 0.718934 0.596140 0.000000 0.142687 0.220510 0.344351 0.282240 0.625422 0.211535 0.158693
0.804183 0.444380 0.482659 0.256836 0.334002 0.579936 0.756930 0.712582 0.121548 0.461851 1.071895 0.271712 0.466194 1.062956 0.704841 0.484756 0.674478 0.754952 0.600349 0.110028 0.803276 0.679618 0.142687 0.000000 0.252794 0.469168 0.360560 0.768013 0.353746 0.298694
0.619803 0.440275 0.396593 0.057719 0.484297 0.362259 0.578944 0.565375 0.361106 0.231365 0.871783 0.197045 0.329251 0.879750 0.452911 0.578151 0.621282 0.642181 0.361893 0.145382 0.557039 0.434482 0.220510 0.252794 0.000000 0.512471 0.497166 0.687845 0.332672 0.312568
0.603502 0.101066 0.244397 0.459360 0.221732 0.543846 0.554356 0.458090 0.426851 0.521628 0.861996 0.318070 0.335114 0.812133 0.783431 0.112955 0.268851 0.422349 0.821860 0.454060 0.810723 0.708330 0.344351 0.469168 0.512471 0.000000 0.191825 0.379975 0.187037 0.201007
0.763008 0.251655 0.384831 0.457095 0.033941 0.647531 0.712366 0.625813 0.279194 0.587458 1.030358 0.339122 0.448069 0.988525 0.861857 0.139427 0.460294 0.606791 0.847921 0.390553 0.914981 0.800586 0.282240 0.360560 0.497166 0.191825 0.000000 0.571183 0.261742 0.225167
0.351303 0.339974 0.295333 0.631332 0.599535 0.481935 0.321207 0.221535 0.767100 0.553893 0.546112 0.517200 0.363217 0.473395 0.721576 0.471771 0.111239 0.103676 0.863286 0.707008 0.682493 0.628702 0.625422 0.768013 0.687845 0.379975 0.571183 0.000000 0.414567 0.472159
0.516548 0.107999 0.143979 0.277198 0.271912 0.387000 0.465732 0.393120 0.360381 0.342025 0.788652 0.135631 0.186844 0.758658 0.611731 0.277046 0.321793 0.410190 0.635364 0.303505 0.655468 0.544139 0.211535 0.353746 0.332672 0.187037 0.261742 0.414567 0.000000 0.060580
0.572698 0.147930 0.204067 0.261278 0.229174 0.425045 0.522040 0.452479 0.299898 0.363126 0.845345 0.123966 0.235500 0.817479 0.637089 0.270152 0.375943 0.470577 0.638803 0.259804 0.690990 0.575596 0.158693 0.298694 0.312568 0.201007 0.225167 0.472159 0.060580 0.000000
