Euclidiano
0.000000 1.055043 0.397829 0.705507 0.447194 0.880751 1.161376 0.484293 0.501323 0.836808 0.793812 0.776100 0.182141 0.767755 0.257175 1.036636 0.947684 0.370408 0.814455 0.718191 0.942901 0.259699 0.851317 0.712329 0.943160 0.329371 0.312302 0.595834 0.388306 0.618132
1.055043 0.000000 0.660286 0.365368 0.660114 0.747530 0.148582 0.749167 0.810964 0.277890 0.379534 0.426612 0.877126 0.298367 0.808524 0.040976 0.791653 0.814291 0.268268 0.795522 0.686431 0.795347 0.204970 0.686798 0.115056 0.867539 0.966002 0.560540 0.711104 0.491463
0.397829 0.660286 0.000000 0.329237 0.204623 0.621993 0.763553 0.271235 0.416512 0.441714 0.454667 0.404850 0.217301 0.369958 0.148971 0.640096 0.695314 0.306887 0.436015 0.507982 0.652548 0.141367 0.459010 0.520023 0.547078 0.331268 0.359950 0.248608 0.114167 0.288485
0.705507 0.365368 0.329237 0.000000 0.294806 0.705452 0.496298 0.513925 0.463959 0.268989 0.160050 0.360220 0.535674 0.168345 0.475657 0.357713 0.771894 0.450316 0.109007 0.668236 0.689488 0.449158 0.164964 0.403728 0.267358 0.502782 0.678470 0.357877 0.413412 0.135098
0.447194 0.660114 0.204623 0.294806 0.000000 0.808759 0.789342 0.475850 0.223503 0.516005 0.349486 0.536359 0.310345 0.419697 0.283033 0.651945 0.881823 0.158965 0.396644 0.708137 0.827022 0.227740 0.458606 0.321564 0.560233 0.208828 0.530497 0.422057 0.316873 0.178442
0.880751 0.747530 0.621993 0.705452 0.808759 0.000000 0.730107 0.399932 1.031358 0.501023 0.860763 0.356049 0.734818 0.562778 0.670103 0.706871 0.073344 0.928875 0.740785 0.174673 0.096114 0.717147 0.672667 1.077914 0.667459 0.950308 0.599141 0.387688 0.540779 0.786564
1.161376 0.148582 0.763553 0.496298 0.789342 0.730107 0.000000 0.808830 0.952190 0.336356 0.526918 0.459664 0.980372 0.393641 0.908310 0.140422 0.762109 0.946348 0.408339 0.809461 0.654968 0.903004 0.331347 0.834900 0.229166 0.998089 1.039519 0.622665 0.797863 0.627721
0.484293 0.749167 0.271235 0.513925 0.475850 0.399932 0.808830 0.000000 0.683309 0.476588 0.667685 0.355949 0.335519 0.459948 0.274584 0.717288 0.469708 0.561684 0.600118 0.252385 0.458607 0.328128 0.580895 0.787555 0.636903 0.572462 0.242580 0.188741 0.162639 0.528472
0.501323 0.810964 0.416512 0.463959 0.223503 1.031358 0.952190 0.683309 0.000000 0.717082 0.444540 0.755007 0.437438 0.616217 0.445446 0.811780 1.104538 0.140495 0.543963 0.924492 1.050508 0.381699 0.625151 0.226588 0.726774 0.171991 0.687079 0.645345 0.520747 0.328862
0.836808 0.277890 0.441714 0.268989 0.516005 0.501023 0.336356 0.476588 0.717082 0.000000 0.394055 0.153581 0.654687 0.102071 0.580503 0.242869 0.556758 0.673845 0.257070 0.523546 0.460006 0.583075 0.175129 0.672232 0.174899 0.719147 0.703522 0.288417 0.463478 0.395860
0.793812 0.379534 0.454667 0.160050 0.349486 0.860763 0.526918 0.667685 0.444540 0.394055 0.000000 0.509462 0.639787 0.304829 0.590775 0.389284 0.925519 0.479654 0.141154 0.828258 0.838912 0.551823 0.235103 0.308848 0.320260 0.535678 0.813694 0.517628 0.552942 0.176380
0.776100 0.426612 0.404850 0.360220 0.536359 0.356049 0.459664 0.355949 0.755007 0.153581 0.509462 0.000000 0.597074 0.207260 0.521112 0.389109 0.417412 0.684252 0.385093 0.370335 0.329783 0.540059 0.317985 0.754098 0.328214 0.721258 0.595317 0.183398 0.388146 0.462399
0.182141 0.877126 0.217301 0.535674 0.310345 0.734818 0.980372 0.335519 0.437438 0.654687 0.639787 0.597074 0.000000 0.586976 0.075985 0.857364 0.805132 0.297198 0.644447 0.584668 0.787525 0.088037 0.674751 0.615411 0.764249 0.282026 0.252156 0.419515 0.212392 0.463814
0.767755 0.298367 0.369958 0.168345 0.419697 0.562778 0.393641 0.459948 0.616217 0.102071 0.304829 0.207260 0.586976 0.000000 0.515638 0.273245 0.624658 0.578431 0.178008 0.555879 0.534968 0.509468 0.123971 0.572073 0.183321 0.625620 0.668558 0.275022 0.412881 0.293796
0.257175 0.808524 0.148971 0.475657 0.283033 0.670103 0.908310 0.274584 0.445446 0.580503 0.590775 0.521112 0.075985 0.515638 0.000000 0.787430 0.741461 0.309901 0.583470 0.526712 0.718750 0.063773 0.607893 0.601015 0.694835 0.308331 0.248717 0.344140 0.138072 0.417298
1.036636 0.040976 0.640096 0.357713 0.651945 0.706871 0.140422 0.717288 0.811780 0.242869 0.389284 0.389109 0.857364 0.273245 0.787430 0.000000 0.750720 0.808026 0.267921 0.757003 0.645461 0.777097 0.193376 0.698039 0.093820 0.860365 0.937610 0.528550 0.685692 0.487894
0.947684 0.791653 0.695314 0.771894 0.881823 0.073344 0.762109 0.469708 1.104538 0.556758 0.925519 0.417412 0.805132 0.624658 0.741461 0.750720 0.000000 1.002191 0.802327 0.232823 0.107149 0.789374 0.730551 1.148582 0.718141 1.023411 0.660054 0.460404 0.613242 0.856629
0.370408 0.814291 0.306887 0.450316 0.158965 0.928875 0.946348 0.561684 0.140495 0.673845 0.479654 0.684252 0.297198 0.578431 0.309901 0.808026 1.002191 0.000000 0.547766 0.809236 0.957497 0.246342 0.615078 0.342074 0.717196 0.056067 0.547738 0.550886 0.399903 0.324346
0.814455 0.268268 0.436015 0.109007 0.396644 0.740785 0.408339 0.600118 0.543963 0.257070 0.141154 0.385093 0.644447 0.178008 0.583470 0.267921 0.802327 0.547766 0.000000 0.727438 0.711017 0.558100 0.094327 0.442223 0.187049 0.601802 0.779338 0.429066 0.514025 0.223764
0.718191 0.795522 0.507982 0.668236 0.708137 0.174673 0.809461 0.252385 0.924492 0.523546 0.828258 0.370335 0.584668 0.555879 0.526712 0.757003 0.232823 0.809236 0.727438 0.000000 0.260728 0.580312 0.677476 1.003217 0.698412 0.823162 0.427240 0.313762 0.409896 0.722237
0.942901 0.686431 0.652548 0.689488 0.827022 0.096114 0.654968 0.458607 1.050508 0.460006 0.838912 0.329783 0.787525 0.534968 0.718750 0.645461 0.107149 0.957497 0.711017 0.260728 0.000000 0.760399 0.634973 1.076858 0.616378 0.983762 0.674247 0.406960 0.584086 0.783859
0.259699 0.795347 0.141367 0.449158 0.227740 0.717147 0.903004 0.328128 0.381699 0.583075 0.551823 0.540059 0.088037 0.509468 0.063773 0.777097 0.789374 0.246342 0.558100 0.580312 0.760399 0.000000 0.591769 0.541460 0.683549 0.247136 0.309825 0.371289 0.176734 0.375971
0.851317 0.204970 0.459010 0.164964 0.458606 0.672667 0.331347 0.580895 0.625151 0.175129 0.235103 0.317985 0.674751 0.123971 0.607893 0.193376 0.730551 0.615078 0.094327 0.677476 0.634973 0.591769 0.000000 0.535544 0.102461 0.667132 0.780966 0.398119 0.519464 0.297685
0.712329 0.686798 0.520023 0.403728 0.321564 1.077914 0.834900 0.787555 0.226588 0.672232 0.308848 0.754098 0.615411 0.572073 0.601015 0.698039 1.148582 0.342074 0.442223 1.003217 1.076858 0.541460 0.535544 0.000000 0.627401 0.388040 0.849691 0.695894 0.634127 0.293000
0.943160 0.115056 0.547078 0.267358 0.560233 0.667459 0.229166 0.636903 0.726774 0.174899 0.320260 0.328214 0.764249 0.183321 0.694835 0.093820 0.718141 0.717196 0.187049 0.698412 0.616378 0.683549 0.102461 0.627401 0.000000 0.768945 0.851317 0.448755 0.596062 0.399971
0.329371 0.867539 0.331268 0.502782 0.208828 0.950308 0.998089 0.572462 0.171991 0.719147 0.535678 0.721258 0.282026 0.625620 0.308331 0.860365 1.023411 0.056067 0.601802 0.823162 0.983762 0.247136 0.667132 0.388040 0.768945 0.000000 0.534110 0.579156 0.413628 0.378878
0.312302 0.966002 0.359950 0.678470 0.530497 0.599141 1.039519 0.242580 0.687079 0.703522 0.813694 0.595317 0.252156 0.668558 0.248717 0.937610 0.660054 0.547738 0.779338 0.427240 0.674247 0.309825 0.780966 0.849691 0.851317 0.534110 0.000000 0.417976 0.265381 0.648069
0.595834 0.560540 0.248608 0.357877 0.422057 0.387688 0.622665 0.188741 0.645345 0.288417 0.517628 0.183398 0.419515 0.275022 0.344140 0.528550 0.460404 0.550886 0.429066 0.313762 0.406960 0.371289 0.398119 0.695894 0.448755 0.579156 0.417976 0.000000 0.207741 0.409868
0.388306 0.711104 0.114167 0.413412 0.316873 0.540779 0.797863 0.162639 0.520747 0.463478 0.552942 0.388146 0.212392 0.412881 0.138072 0.685692 0.613242 0.399903 0.514025 0.409896 0.584086 0.176734 0.519464 0.634127 0.596062 0.413628 0.265381 0.207741 0.000000 0.395087
0.618132 0.491463 0.288485 0.135098 0.178442 0.786564 0.627721 0.528472 0.328862 0.395860 0.176380 0.462399 0.463814 0.293796 0.417298 0.487894 0.856629 0.324346 0.223764 0.722237 0.783859 0.375971 0.297685 0.293000 0.399971 0.378878 0.648069 0.409868 0.395087 0.000000
