Euclidiano
0.000000 0.706734 0.666245 0.707340 0.484994 0.496693 0.570206 0.774975 0.506794 0.660343 0.398253 0.859501 0.591670 1.007927 0.399596 0.359649 0.493772 0.091643 0.513218 0.983068 0.464806 0.621648 0.617955 0.606194 0.097616 0.467177 0.749597 0.367601 0.115627 0.661573
0.706734 0.000000 0.229606 0.384221 0.495290 0.686188 0.884531 0.092518 0.855275 0.884440 0.763615 0.154698 0.191389 0.490478 0.593857 0.348200 0.463410 0.751191 0.582285 0.447329 0.252739 0.486460 0.301325 0.782959 0.615771 0.243453 0.070515 0.519281 0.620854 0.486338
0.666245 0.229606 0.000000 0.586997 0.309456 0.497320 0.696338 0.315606 0.677749 0.679186 0.603973 0.334110 0.359623 0.358348 0.689639 0.334804 0.277255 0.683278 0.386148 0.325888 0.230911 0.657850 0.084632 0.578222 0.568641 0.300546 0.298101 0.374651 0.612404 0.668258
0.707340 0.384221 0.586997 0.000000 0.754548 0.922064 1.100336 0.348462 1.053909 1.134695 0.941807 0.428154 0.232635 0.872719 0.387585 0.459739 0.729274 0.786059 0.842818 0.828837 0.451953 0.151661 0.634214 1.039006 0.650812 0.361655 0.344102 0.719526 0.592821 0.127088
0.484994 0.495290 0.309456 0.754548 0.000000 0.191542 0.391012 0.587776 0.368600 0.392077 0.298314 0.630349 0.530502 0.566534 0.687562 0.320037 0.032583 0.463919 0.089804 0.553237 0.303029 0.766876 0.226500 0.291603 0.398367 0.393493 0.564563 0.117594 0.485169 0.792012
0.496693 0.686188 0.497320 0.922064 0.191542 0.000000 0.199647 0.778578 0.184034 0.212774 0.154792 0.821782 0.706897 0.707157 0.792862 0.466924 0.223973 0.441891 0.112546 0.702617 0.478607 0.914855 0.412974 0.122994 0.436176 0.561858 0.755048 0.205284 0.539595 0.944284
0.570206 0.884531 0.696338 1.100336 0.391012 0.199647 0.000000 0.976745 0.064126 0.113543 0.176249 1.021354 0.893925 0.880187 0.924183 0.640647 0.423513 0.491904 0.310263 0.881034 0.668013 1.077572 0.611817 0.150080 0.539944 0.745453 0.952897 0.383214 0.644687 1.110045
0.774975 0.092518 0.315606 0.348462 0.587776 0.778578 0.976745 0.000000 0.946846 0.976879 0.853739 0.095013 0.210382 0.531404 0.617661 0.421809 0.555919 0.825476 0.674797 0.486777 0.335188 0.472065 0.391174 0.875383 0.687443 0.307845 0.026012 0.609227 0.682129 0.464162
0.506794 0.855275 0.677749 1.053909 0.368600 0.184034 0.064126 0.946846 0.000000 0.171037 0.117281 0.996310 0.852921 0.886155 0.865395 0.594534 0.401076 0.427872 0.296269 0.883750 0.629875 1.025403 0.594027 0.177550 0.479234 0.703162 0.922421 0.343289 0.583460 1.058752
0.660343 0.884440 0.679186 1.134695 0.392077 0.212774 0.113543 0.976879 0.171037 0.000000 0.262584 1.011663 0.917825 0.818621 0.992959 0.679450 0.422677 0.587910 0.302961 0.824572 0.689202 1.126293 0.595197 0.101547 0.618550 0.774066 0.954415 0.417495 0.724049 1.156299
0.398253 0.763615 0.603973 0.941807 0.298314 0.154792 0.176249 0.853739 0.117281 0.262584 0.000000 0.909630 0.746566 0.850666 0.748496 0.483932 0.328917 0.325754 0.247759 0.842552 0.528227 0.909382 0.523159 0.223561 0.363732 0.596040 0.828677 0.244519 0.468615 0.943179
0.859501 0.154698 0.334110 0.428154 0.630349 0.821782 1.021354 0.095013 0.996310 1.011663 0.909630 0.000000 0.305279 0.478762 0.712622 0.502158 0.597841 0.905622 0.713687 0.433942 0.407254 0.559858 0.416862 0.910314 0.769566 0.393325 0.115859 0.666568 0.770309 0.548832
0.591670 0.191389 0.359623 0.232635 0.530502 0.706897 0.893925 0.210382 0.852921 0.917825 0.746566 0.305279 0.000000 0.673516 0.408732 0.268111 0.503382 0.653688 0.619947 0.631766 0.228642 0.302905 0.402054 0.819640 0.512968 0.150656 0.190491 0.510817 0.489541 0.309570
1.007927 0.490478 0.358348 0.872719 0.566534 0.707157 0.880187 0.531404 0.886155 0.818621 0.850666 0.478762 0.673516 0.000000 1.042370 0.692566 0.543158 1.010975 0.603001 0.044890 0.589150 0.975054 0.390413 0.733695 0.911054 0.652370 0.530597 0.670693 0.965358 0.976624
0.399596 0.593857 0.689639 0.387585 0.687562 0.792862 0.924183 0.617661 0.865395 0.992959 0.748496 0.712622 0.408732 1.042370 0.000000 0.382910 0.676613 0.490675 0.756738 1.004979 0.464244 0.256396 0.689500 0.915369 0.389306 0.390195 0.598982 0.598740 0.292121 0.297093
0.359649 0.348200 0.334804 0.459739 0.320037 0.466924 0.640647 0.421809 0.594534 0.679450 0.483932 0.502158 0.268111 0.692566 0.382910 0.000000 0.302988 0.403902 0.401076 0.660686 0.109249 0.450017 0.314798 0.587210 0.267575 0.120123 0.395931 0.262020 0.284372 0.477935
0.493772 0.463410 0.277255 0.729274 0.032583 0.223973 0.423513 0.555919 0.401076 0.422677 0.328917 0.597841 0.503382 0.543158 0.676613 0.302988 0.000000 0.478387 0.119727 0.528168 0.277321 0.746238 0.194738 0.321768 0.404145 0.369337 0.532859 0.130738 0.486316 0.770312
0.091643 0.751191 0.683278 0.786059 0.463919 0.441891 0.491904 0.825476 0.427872 0.587910 0.325754 0.905622 0.653688 1.010975 0.490675 0.403902 0.478387 0.000000 0.476450 0.989646 0.501477 0.707545 0.625745 0.542850 0.140736 0.519282 0.799663 0.347806 0.202272 0.746951
0.513218 0.582285 0.386148 0.842818 0.089804 0.112546 0.310263 0.674797 0.296269 0.302961 0.247759 0.713687 0.619947 0.603001 0.756738 0.401076 0.119727 0.476450 0.000000 0.595787 0.392009 0.850474 0.301582 0.202075 0.436244 0.481301 0.652002 0.160362 0.532038 0.876828
0.983068 0.447329 0.325888 0.828837 0.553237 0.702617 0.881034 0.486777 0.883750 0.824572 0.842552 0.433942 0.631766 0.044890 1.004979 0.660686 0.528168 0.989646 0.595787 0.000000 0.555655 0.932674 0.365277 0.736587 0.885797 0.615558 0.486278 0.653367 0.936556 0.933646
0.464806 0.252739 0.230911 0.451953 0.303029 0.478607 0.668013 0.335188 0.629875 0.689202 0.528227 0.407254 0.228642 0.589150 0.464244 0.109249 0.277321 0.501477 0.392009 0.555655 0.000000 0.478047 0.226081 0.591055 0.370095 0.094550 0.309263 0.286593 0.393564 0.498546
0.621648 0.486460 0.657850 0.151661 0.766876 0.914855 1.077572 0.472065 1.025403 1.126293 0.909382 0.559858 0.302905 0.975054 0.256396 0.450017 0.746238 0.707545 0.850474 0.932674 0.478047 0.000000 0.688938 1.036286 0.582475 0.383671 0.462009 0.709627 0.506296 0.041137
0.617955 0.301325 0.084632 0.634214 0.226500 0.412974 0.611817 0.391174 0.594027 0.595197 0.523159 0.416862 0.402054 0.390413 0.689500 0.314798 0.194738 0.625745 0.301582 0.365277 0.226081 0.688938 0.000000 0.494067 0.520849 0.312340 0.371537 0.301102 0.576631 0.703826
0.606194 0.782959 0.578222 1.039006 0.291603 0.122994 0.150080 0.875383 0.177550 0.101547 0.223561 0.910314 0.819640 0.733695 0.915369 0.587210 0.321768 0.542850 0.202075 0.736587 0.591055 1.036286 0.494067 0.000000 0.552928 0.677616 0.852975 0.326883 0.657527 1.065088
0.097616 0.615771 0.568641 0.650812 0.398367 0.436176 0.539944 0.687443 0.479234 0.618550 0.363732 0.769566 0.512968 0.911054 0.389306 0.267575 0.404145 0.140736 0.436244 0.885797 0.370095 0.582475 0.520849 0.552928 0.000000 0.380178 0.661768 0.282724 0.105505 0.620574
0.467177 0.243453 0.300546 0.361655 0.393493 0.561858 0.745453 0.307845 0.703162 0.774066 0.596040 0.393325 0.150656 0.652370 0.390195 0.120123 0.369337 0.519282 0.481301 0.615558 0.094550 0.383671 0.312340 0.677616 0.380178 0.000000 0.282421 0.362313 0.377561 0.404015
0.749597 0.070515 0.298101 0.344102 0.564563 0.755048 0.952897 0.026012 0.922421 0.954415 0.828677 0.115859 0.190491 0.530597 0.598982 0.395931 0.532859 0.799663 0.652002 0.486278 0.309263 0.462009 0.371537 0.852975 0.661768 0.282421 0.000000 0.584159 0.657424 0.456242
0.367601 0.519281 0.374651 0.719526 0.117594 0.205284 0.383214 0.609227 0.343289 0.417495 0.244519 0.666568 0.510817 0.670693 0.598740 0.262020 0.130738 0.347806 0.160362 0.653367 0.286593 0.709627 0.301102 0.326883 0.282724 0.362313 0.584159 0.000000 0.373995 0.739014
0.115627 0.620854 0.612404 0.592821 0.485169 0.539595 0.644687 0.682129 0.583460 0.724049 0.468615 0.770309 0.489541 0.965358 0.292121 0.284372 0.486316 0.202272 0.532038 0.936556 0.393564 0.506296 0.576631 0.657527 0.105505 0.377561 0.657424 0.373995 0.000000 0.546100
0.661573 0.486338 0.668258 0.127088 0.792012 0.944284 1.110045 0.464162 1.058752 1.156299 0.943179 0.548832 0.309570 0.976624 0.297093 0.477935 0.770312 0.746951 0.876828 0.933646 0.498546 0.041137 0.703826 1.065088 0.620574 0.404015 0.456242 0.739014 0.546100 0.000000
