Euclidiano
0.000000 0.537981 0.862702 0.477899 0.341793 1.051263 0.093627 0.868405 0.795257 0.556968 0.886166 0.495232 0.510442 0.110453 1.001005 0.572283 0.870408 0.239694 0.855514 0.830286 0.924779 0.954149 0.730655 0.855572 1.097392 0.332185 0.647129 0.533275 0.150645 0.600306
0.537981 0.000000 0.514533 0.480806 0.239296 0.678053 0.452035 0.670062 0.725615 0.128164 0.419648 0.043453 0.413787 0.475123 0.662551 0.669861 0.426438 0.566553 0.483132 0.546726 0.714324 0.726042 0.212706 0.474921 0.684563 0.538715 0.848961 0.603731 0.435726 0.801344
0.862702 0.514533 0.000000 0.456517 0.541568 0.188589 0.771664 0.247186 0.412141 0.394878 0.222447 0.523962 0.380014 0.858962 0.150175 0.562345 0.174686 0.732678 0.044554 0.099561 0.261100 0.253817 0.378600 0.058885 0.245837 0.635189 0.744534 0.520280 0.836740 0.717160
0.477899 0.480806 0.456517 0.000000 0.294705 0.633229 0.404577 0.395617 0.324648 0.384907 0.577575 0.451534 0.089805 0.520064 0.568147 0.189086 0.541446 0.289444 0.468109 0.392047 0.451796 0.483453 0.542082 0.474452 0.702049 0.183240 0.374091 0.122953 0.518675 0.329623
0.341793 0.239296 0.541568 0.294705 0.000000 0.728536 0.248333 0.606669 0.599031 0.218635 0.544485 0.198116 0.263295 0.318752 0.687732 0.473513 0.530069 0.327481 0.527565 0.529307 0.660272 0.682827 0.398774 0.525634 0.765279 0.304864 0.635333 0.409819 0.295182 0.585798
1.051263 0.678053 0.188589 0.633229 0.728536 0.000000 0.960249 0.325720 0.514064 0.567331 0.297487 0.693631 0.562559 1.046629 0.079103 0.713682 0.266626 0.915692 0.202485 0.242847 0.304159 0.275637 0.508441 0.207095 0.096249 0.815037 0.882201 0.680992 1.023464 0.861766
0.093627 0.452035 0.771664 0.404577 0.248333 0.960249 0.000000 0.787978 0.727400 0.464438 0.792589 0.408811 0.427498 0.120194 0.911554 0.521096 0.776804 0.213995 0.763427 0.742467 0.844185 0.872385 0.639801 0.763198 1.004875 0.282551 0.620926 0.474790 0.135524 0.571884
0.868405 0.670062 0.247186 0.395617 0.606669 0.325720 0.787978 0.000000 0.188513 0.541906 0.468445 0.664915 0.361091 0.895700 0.246626 0.413846 0.420263 0.682248 0.289958 0.153390 0.056392 0.088659 0.590319 0.304269 0.419254 0.572977 0.564705 0.397822 0.885300 0.549920
0.795257 0.725615 0.412141 0.324648 0.599031 0.514064 0.727400 0.188513 0.000000 0.603020 0.621341 0.709412 0.335997 0.844226 0.435010 0.261751 0.573696 0.579487 0.449735 0.312608 0.222281 0.258232 0.697965 0.463016 0.606913 0.471106 0.383531 0.271059 0.843292 0.375324
0.556968 0.128164 0.394878 0.384907 0.218635 0.567331 0.464438 0.541906 0.603020 0.000000 0.337953 0.129411 0.307331 0.517435 0.544603 0.572010 0.332789 0.529602 0.367342 0.420219 0.586290 0.598491 0.182570 0.360811 0.584937 0.478716 0.758849 0.506452 0.484835 0.713511
0.886166 0.419648 0.222447 0.577575 0.544485 0.297487 0.792589 0.468445 0.621341 0.337953 0.000000 0.446103 0.488692 0.854438 0.318425 0.724873 0.048255 0.813160 0.178653 0.316291 0.483226 0.473592 0.221910 0.164271 0.274765 0.733618 0.916581 0.671197 0.822676 0.882102
0.495232 0.043453 0.523962 0.451534 0.198116 0.693631 0.408811 0.664915 0.709412 0.129411 0.446103 0.000000 0.389441 0.434605 0.673417 0.640081 0.448933 0.524700 0.495308 0.548442 0.711280 0.725066 0.247822 0.488141 0.705607 0.500037 0.816027 0.574070 0.396099 0.767868
0.510442 0.413787 0.380014 0.089805 0.263295 0.562559 0.427498 0.361091 0.335997 0.307331 0.488692 0.389441 0.000000 0.534737 0.502468 0.266462 0.453555 0.353205 0.387156 0.326919 0.417091 0.444891 0.455939 0.392339 0.625655 0.255838 0.457375 0.202232 0.525706 0.414912
0.110453 0.475123 0.858962 0.520064 0.318752 1.046629 0.120194 0.895700 0.844226 0.517435 0.854438 0.434605 0.534737 0.000000 1.003233 0.641288 0.844419 0.326808 0.846180 0.839057 0.951516 0.978244 0.679612 0.844376 1.083831 0.402420 0.736628 0.594609 0.045290 0.688200
1.001005 0.662551 0.150175 0.568147 0.687732 0.079103 0.911554 0.246626 0.435010 0.544603 0.318425 0.673417 0.502468 1.003233 0.000000 0.638883 0.278849 0.854119 0.179774 0.176305 0.226298 0.199479 0.511756 0.189301 0.173912 0.751076 0.804698 0.608754 0.982689 0.785263
0.572283 0.669861 0.562345 0.189086 0.473513 0.713682 0.521096 0.413846 0.261751 0.572010 0.724873 0.640081 0.266462 0.641288 0.638883 0.000000 0.683241 0.338910 0.586015 0.475698 0.462531 0.498817 0.721063 0.595676 0.796378 0.240578 0.193740 0.066134 0.650823 0.157315
0.870408 0.426438 0.174686 0.541446 0.530069 0.266626 0.776804 0.420263 0.573696 0.332789 0.048255 0.448933 0.453555 0.844419 0.278849 0.683241 0.000000 0.785768 0.130641 0.268036 0.435710 0.426876 0.242394 0.116230 0.258428 0.702488 0.874033 0.631065 0.814542 0.840556
0.239694 0.566553 0.732678 0.289444 0.327481 0.915692 0.213995 0.682248 0.579487 0.529602 0.813160 0.524700 0.353205 0.326808 0.854119 0.338910 0.785768 0.000000 0.736974 0.677879 0.737885 0.770697 0.711719 0.740797 0.977799 0.109932 0.410099 0.309268 0.349074 0.362179
0.855514 0.483132 0.044554 0.468109 0.527565 0.202485 0.763427 0.289958 0.449735 0.367342 0.178653 0.495308 0.387156 0.846180 0.179774 0.586015 0.130641 0.736974 0.000000 0.139089 0.305491 0.298330 0.337715 0.014426 0.242998 0.642959 0.771580 0.540470 0.821998 0.742183
0.830286 0.546726 0.099561 0.392047 0.529307 0.242847 0.742467 0.153390 0.312608 0.420219 0.316291 0.548442 0.326919 0.839057 0.176305 0.475698 0.268036 0.677879 0.139089 0.000000 0.178928 0.182307 0.443339 0.153049 0.320864 0.574836 0.652609 0.439371 0.821589 0.627826
0.924779 0.714324 0.261100 0.451796 0.660272 0.304159 0.844185 0.056392 0.222281 0.586290 0.483226 0.711280 0.417091 0.951516 0.226298 0.462531 0.435710 0.737885 0.305491 0.178928 0.000000 0.036563 0.622203 0.319898 0.400005 0.628448 0.604795 0.450218 0.940667 0.593202
0.954149 0.726042 0.253817 0.483453 0.682827 0.275637 0.872385 0.088659 0.258232 0.598491 0.473592 0.725066 0.444891 0.978244 0.199479 0.498817 0.426876 0.770697 0.298330 0.182307 0.036563 0.000000 0.623770 0.312553 0.371863 0.661524 0.641104 0.485550 0.966227 0.629738
0.730655 0.212706 0.378600 0.542082 0.398774 0.508441 0.639801 0.590319 0.697965 0.182570 0.221910 0.247822 0.455939 0.679612 0.511756 0.721063 0.242394 0.711719 0.337715 0.443339 0.622203 0.623770 0.000000 0.325633 0.496207 0.656282 0.913199 0.657933 0.642604 0.870750
0.855572 0.474921 0.058885 0.474452 0.525634 0.207095 0.763198 0.304269 0.463016 0.360811 0.164271 0.488141 0.392339 0.844376 0.189301 0.595676 0.116230 0.740797 0.014426 0.153049 0.319898 0.312553 0.325633 0.000000 0.241920 0.647933 0.782067 0.549201 0.819542 0.752126
1.097392 0.684563 0.245837 0.702049 0.765279 0.096249 1.004875 0.419254 0.606913 0.584937 0.274765 0.705607 0.625655 1.083831 0.173912 0.796378 0.258428 0.977799 0.242998 0.320864 0.400005 0.371863 0.496207 0.241920 0.000000 0.881010 0.969766 0.759684 1.057447 0.947232
0.332185 0.538715 0.635189 0.183240 0.304864 0.815037 0.282551 0.572977 0.471106 0.478716 0.733618 0.500037 0.255838 0.402420 0.751076 0.240578 0.702488 0.109932 0.642959 0.574836 0.628448 0.661524 0.656282 0.647933 0.881010 0.000000 0.349748 0.202770 0.415269 0.299446
0.647129 0.848961 0.744534 0.374091 0.635333 0.882201 0.620926 0.564705 0.383531 0.758849 0.916581 0.816027 0.457375 0.736628 0.804698 0.193740 0.874033 0.410099 0.771580 0.652609 0.604795 0.641104 0.913199 0.782067 0.969766 0.349748 0.000000 0.255271 0.756377 0.050379
0.533275 0.603731 0.520280 0.122953 0.409819 0.680992 0.474790 0.397822 0.271059 0.506452 0.671197 0.574070 0.202232 0.594609 0.608754 0.066134 0.631065 0.309268 0.540470 0.439371 0.450218 0.485550 0.657933 0.549201 0.759684 0.202770 0.255271 0.000000 0.600904 0.214231
0.150645 0.435726 0.836740 0.518675 0.295182 1.023464 0.135524 0.885300 0.843292 0.484835 0.822676 0.396099 0.525706 0.045290 0.982689 0.650823 0.814542 0.349074 0.821998 0.821589 0.940667 0.966227 0.642604 0.819542 1.057447 0.415269 0.756377 0.600904 0.000000 0.707239
0.600306 0.801344 0.717160 0.329623 0.585798 0.861766 0.571884 0.549920 0.375324 0.713511 0.882102 0.767868 0.414912 0.688200 0.785263 0.157315 0.840556 0.362179 0.742183 0.627826 0.593202 0.629738 0.870750 0.752126 0.947232 0.299446 0.050379 0.214231 0.707239 0.000000
