Euclidiano
0.000000 0.110615 0.724055 0.444488 0.499348 0.278303 0.379801 0.409837 0.565369 0.248226 0.122216 0.683620 0.419216 0.492893 0.583715 0.448404 0.522723 0.442402 0.437291 0.331086 0.296289 0.287091 0.281668 0.521154 0.453418 0.434946 0.357105 0.527161 0.455431 0.306372
0.110615 0.000000 0.778227 0.464009 0.515522 0.177598 0.347168 0.500733 0.649193 0.240236 0.226473 0.791295 0.510091 0.570546 0.486401 0.490825 0.431514 0.515182 0.403153 0.435380 0.383794 0.182474 0.171143 0.630404 0.558635 0.525484 0.253446 0.636134 0.367458 0.309624
0.724055 0.778227 0.000000 1.134015 1.188949 0.941017 0.567205 0.910676 0.274513 0.970256 0.737031 0.892980 0.916270 0.276553 0.929134 0.291083 0.853090 0.299671 0.559951 0.779512 0.458663 0.826577 0.876336 0.769569 0.510673 0.379902 0.853407 0.779996 0.804947 0.501421
0.444488 0.464009 1.134015 0.000000 0.055519 0.454843 0.809058 0.348002 0.920505 0.228516 0.397554 0.694617 0.351585 0.871201 0.888268 0.880174 0.855041 0.835622 0.865841 0.424049 0.675945 0.599640 0.546617 0.603291 0.720935 0.783075 0.659600 0.601247 0.802109 0.750032
0.499348 0.515522 1.188949 0.055519 0.000000 0.495403 0.861573 0.385042 0.973397 0.277371 0.452802 0.723592 0.387617 0.925279 0.928684 0.935692 0.898398 0.890325 0.918147 0.470423 0.730676 0.645151 0.590076 0.641835 0.770548 0.836223 0.703096 0.639124 0.847277 0.804493
0.278303 0.177598 0.941017 0.454843 0.495403 0.000000 0.446173 0.604885 0.825914 0.239388 0.373611 0.928577 0.613720 0.745958 0.433542 0.650327 0.404813 0.689369 0.493895 0.569926 0.561360 0.166248 0.102103 0.776198 0.731702 0.703078 0.211412 0.780577 0.359182 0.449911
0.379801 0.347168 0.567205 0.809058 0.861573 0.446173 0.000000 0.769843 0.569741 0.587400 0.482238 0.970867 0.778903 0.481657 0.374522 0.300338 0.295884 0.422517 0.057533 0.663400 0.400750 0.292609 0.354916 0.802729 0.617873 0.505048 0.298089 0.811597 0.240065 0.123104
0.409837 0.500733 0.910676 0.348002 0.385042 0.604885 0.769843 0.000000 0.657791 0.392287 0.291436 0.355102 0.009392 0.634155 0.987128 0.715048 0.930282 0.618507 0.825370 0.131792 0.474561 0.682214 0.656803 0.256880 0.426444 0.531926 0.753087 0.254084 0.864060 0.668817
0.565369 0.649193 0.274513 0.920505 0.973397 0.825914 0.569741 0.657791 0.000000 0.792200 0.538428 0.619173 0.662311 0.088763 0.941615 0.282406 0.862927 0.149676 0.589884 0.530263 0.269097 0.753764 0.787361 0.496386 0.240319 0.137983 0.800570 0.506732 0.801099 0.460372
0.248226 0.240236 0.970256 0.228516 0.277371 0.239388 0.587400 0.392287 0.792200 0.000000 0.257372 0.738716 0.400200 0.727782 0.667577 0.696608 0.629777 0.682039 0.643329 0.394866 0.527230 0.372484 0.322639 0.604574 0.634833 0.655833 0.434807 0.606525 0.574898 0.540784
0.122216 0.226473 0.737031 0.397554 0.452802 0.373611 0.482238 0.291436 0.538428 0.257372 0.000000 0.564985 0.300739 0.479761 0.705909 0.486193 0.644700 0.440005 0.538775 0.209450 0.280733 0.407456 0.395774 0.405819 0.380512 0.400947 0.477988 0.411066 0.577120 0.390322
0.683620 0.791295 0.892980 0.694617 0.723592 0.928577 0.970867 0.355102 0.619173 0.738716 0.564985 0.000000 0.349198 0.644826 1.261079 0.805048 1.193937 0.662974 1.018410 0.358999 0.584027 0.970695 0.960582 0.168639 0.400847 0.548885 1.040445 0.160443 1.124674 0.851176
0.419216 0.510091 0.916270 0.351585 0.387617 0.613720 0.778903 0.009392 0.662311 0.400200 0.300739 0.349198 0.000000 0.639721 0.996488 0.722439 0.939671 0.624759 0.834382 0.138194 0.481660 0.691541 0.665993 0.254883 0.429955 0.537219 0.762407 0.251723 0.873452 0.677594
0.492893 0.570546 0.276553 0.871201 0.925279 0.745958 0.481657 0.634155 0.088763 0.727782 0.479761 0.644826 0.639721 0.000000 0.852990 0.200593 0.774324 0.061106 0.503341 0.503126 0.200610 0.667765 0.703289 0.505685 0.246370 0.104457 0.713185 0.516240 0.712354 0.371610
0.583715 0.486401 0.929134 0.888268 0.928684 0.433542 0.374522 0.987128 0.941615 0.667577 0.705909 1.261079 0.996488 0.852990 0.000000 0.674634 0.078764 0.792743 0.369878 0.914461 0.741259 0.306335 0.345516 1.094460 0.957060 0.864027 0.236782 1.101625 0.143616 0.482354
0.448404 0.490825 0.291083 0.880174 0.935692 0.650327 0.300338 0.715048 0.282406 0.696608 0.486193 0.805048 0.722439 0.200593 0.674634 0.000000 0.596111 0.153189 0.311700 0.585791 0.242344 0.537460 0.585673 0.649522 0.408197 0.264352 0.568801 0.659836 0.539498 0.213534
0.522723 0.431514 0.853090 0.855041 0.898398 0.404813 0.295884 0.930282 0.862927 0.629777 0.644700 1.193937 0.939671 0.774324 0.078764 0.596111 0.000000 0.714136 0.293196 0.851621 0.665392 0.258845 0.308473 1.026500 0.882002 0.786489 0.195445 1.033952 0.069432 0.403965
0.442402 0.515182 0.299671 0.835622 0.890325 0.689369 0.422517 0.618507 0.149676 0.682039 0.440005 0.662974 0.624759 0.061106 0.792743 0.153189 0.714136 0.000000 0.446341 0.486715 0.159682 0.607549 0.644147 0.514760 0.262370 0.114714 0.652314 0.525275 0.651764 0.310924
0.437291 0.403153 0.559951 0.865841 0.918147 0.493895 0.057533 0.825370 0.589884 0.643329 0.538775 1.018410 0.834382 0.503341 0.369878 0.311700 0.293196 0.446341 0.000000 0.717082 0.442076 0.335089 0.399192 0.850834 0.656837 0.536830 0.330753 0.859912 0.247470 0.167236
0.331086 0.435380 0.779512 0.424049 0.470423 0.569926 0.663400 0.131792 0.530263 0.394866 0.209450 0.358999 0.138194 0.503126 0.914461 0.585791 0.851621 0.486715 0.717082 0.000000 0.344216 0.616869 0.602917 0.210540 0.306082 0.401673 0.687436 0.213388 0.783342 0.555277
0.296289 0.383794 0.458663 0.675945 0.730676 0.561360 0.400750 0.474561 0.269097 0.527230 0.280733 0.584027 0.481660 0.200610 0.741259 0.242344 0.665392 0.159682 0.442076 0.344216 0.000000 0.508252 0.532725 0.420525 0.218144 0.141862 0.564093 0.430388 0.597693 0.277672
0.287091 0.182474 0.826577 0.599640 0.645151 0.166248 0.292609 0.682214 0.753764 0.372484 0.407456 0.970695 0.691541 0.667765 0.306335 0.537460 0.258845 0.607549 0.335089 0.616869 0.508252 0.000000 0.065368 0.807528 0.708039 0.646779 0.070993 0.813777 0.202493 0.325161
0.281668 0.171143 0.876336 0.546617 0.590076 0.102103 0.354916 0.656803 0.787361 0.322639 0.395774 0.960582 0.665993 0.703289 0.345516 0.585673 0.308473 0.644147 0.399192 0.602917 0.532725 0.065368 0.000000 0.800990 0.722523 0.673656 0.113047 0.806534 0.258797 0.376529
0.521154 0.630404 0.769569 0.603291 0.641835 0.776198 0.802729 0.256880 0.496386 0.604574 0.405819 0.168639 0.254883 0.505685 1.094460 0.649522 1.026500 0.514760 0.850834 0.210540 0.420525 0.807528 0.800990 0.000000 0.260103 0.404007 0.876613 0.010559 0.957159 0.683623
0.453418 0.558635 0.510673 0.720935 0.770548 0.731702 0.617873 0.426444 0.240319 0.634833 0.380512 0.400847 0.429955 0.246370 0.957060 0.408197 0.882002 0.262370 0.656837 0.306082 0.218144 0.708039 0.722523 0.260103 0.000000 0.148041 0.769064 0.270629 0.813764 0.494818
0.434946 0.525484 0.379902 0.783075 0.836223 0.703078 0.505048 0.531926 0.137983 0.655833 0.400947 0.548885 0.537219 0.104457 0.864027 0.264352 0.786489 0.114714 0.536830 0.401673 0.141862 0.646779 0.673656 0.404007 0.148041 0.000000 0.699907 0.414563 0.720776 0.385077
0.357105 0.253446 0.853407 0.659600 0.703096 0.211412 0.298089 0.753087 0.800570 0.434807 0.477988 1.040445 0.762407 0.713185 0.236782 0.568801 0.195445 0.652314 0.330753 0.687436 0.564093 0.070993 0.113047 0.876613 0.769064 0.699907 0.000000 0.883023 0.148200 0.355438
0.527161 0.636134 0.779996 0.601247 0.639124 0.780577 0.811597 0.254084 0.506732 0.606525 0.411066 0.160443 0.251723 0.516240 1.101625 0.659836 1.033952 0.525275 0.859912 0.213388 0.430388 0.813777 0.806534 0.010559 0.270629 0.414563 0.883023 0.000000 0.964640 0.692726
0.455431 0.367458 0.804947 0.802109 0.847277 0.359182 0.240065 0.864060 0.801099 0.574898 0.577120 1.124674 0.873452 0.712354 0.143616 0.539498 0.069432 0.651764 0.247470 0.783342 0.597693 0.202493 0.258797 0.957159 0.813764 0.720776 0.148200 0.964640 0.000000 0.340857
0.306372 0.309624 0.501421 0.750032 0.804493 0.449911 0.123104 0.668817 0.460372 0.540784 0.390322 0.851176 0.677594 0.371610 0.482354 0.213534 0.403965 0.310924 0.167236 0.555277 0.277672 0.325161 0.376529 0.683623 0.494818 0.385077 0.355438 0.692726 0.340857 0.000000
