de Poincaré
0.000000 3.858290 6.022879 2.519377 3.262800 2.367181 7.478431 3.660357 0.176761 3.631713 0.460540 4.512166 2.807718 5.965248 2.004043 2.252739 4.692983 1.974560 4.814913 6.936223 4.019574 1.560762 4.495761 7.791933 1.694954 3.825728 2.570629 4.120201 3.526065 5.280811
3.858290 0.000000 2.793848 2.279526 3.531986 3.501769 4.777834 0.744834 3.764358 2.902580 3.768849 2.036649 1.881126 3.013364 3.446807 2.015663 4.109240 3.184040 1.302006 5.998767 0.729905 2.553859 1.191113 7.403648 3.304393 3.099653 2.196183 0.426699 4.112798 2.168764
6.022879 2.793848 0.000000 4.499848 5.645613 5.694417 5.465152 3.094890 5.932117 5.109706 5.940067 4.092372 4.126786 3.365887 5.641118 4.279583 6.252772 5.357868 2.325281 8.079449 2.829877 4.784185 3.013014 9.510296 5.504518 5.167940 4.421857 2.688167 6.280007 3.464433
2.519377 2.279526 4.499848 0.000000 1.500528 2.773314 5.814214 1.884694 2.397678 3.013014 2.511539 3.323652 0.542674 4.315929 2.604480 1.631033 4.172951 1.262806 3.336854 6.269581 2.290804 1.092842 3.099093 7.372396 2.376470 1.578283 0.110067 2.607624 3.624557 3.926630
3.262800 3.531986 5.645613 1.500528 0.000000 3.809289 6.889258 3.144259 3.137562 4.181527 3.322419 4.531767 1.900410 5.429530 3.617251 2.814672 5.299246 1.632971 4.534712 7.391952 3.519950 2.119535 4.315324 8.461078 3.380213 1.971156 1.572444 3.843797 4.677725 5.111590
2.367181 3.501769 5.694417 2.773314 3.809289 0.000000 7.269540 3.419818 2.338664 2.502298 2.062852 3.905787 2.874775 5.724470 0.469633 1.474771 3.495850 2.845253 4.421621 5.940800 3.758420 1.935789 4.036811 6.561740 0.780418 4.055648 2.781882 3.727002 1.543074 4.816862
7.478431 4.777834 5.465152 5.814214 6.889258 7.269540 0.000000 4.569986 7.384380 6.873267 7.412599 6.266535 5.418362 3.290979 7.194819 5.907930 8.004553 6.718657 5.247954 9.888532 4.380908 6.233897 5.507778 11.231923 7.043526 6.260650 5.732491 4.956624 7.899633 6.176480
3.660357 0.744834 3.094890 1.884694 3.144259 3.419818 4.569986 0.000000 3.561696 3.014942 3.586024 2.516279 1.421172 2.908559 3.341791 1.973219 4.211266 2.880454 1.915768 6.153983 0.460603 2.318552 1.864041 7.478331 3.181971 2.597281 1.790711 1.153470 4.082076 2.766607
0.176761 3.764358 5.932117 2.397678 3.137562 2.338664 7.384380 3.561696 0.000000 3.563303 0.531367 4.428626 2.694585 5.871482 1.981691 2.173404 4.630598 1.828700 4.724643 6.869754 3.922722 1.436168 4.407062 7.734918 1.667471 3.711965 2.450844 4.028268 3.489519 5.193818
3.631713 2.902580 5.109706 3.013014 4.181527 2.502298 6.873267 3.014942 3.563303 0.000000 3.454438 2.763633 2.919154 5.279383 2.627606 1.399968 1.552942 3.481677 3.724156 4.069441 3.301387 2.614451 3.219314 5.271989 2.618930 4.172684 2.982395 3.047971 2.660401 3.982119
0.460540 3.768849 5.940067 2.511539 3.322419 2.062852 7.412599 3.586024 0.531367 3.454438 0.000000 4.392873 2.772974 5.894575 1.674852 2.088707 4.511698 2.083216 4.722621 6.775253 3.943643 1.516549 4.394538 7.607168 1.364257 3.826991 2.556259 4.026685 3.269913 5.179831
4.512166 2.036649 4.092372 3.323652 4.531767 3.905787 6.266535 2.516279 4.428626 2.763633 4.392873 0.000000 3.057263 4.572756 3.906529 2.426708 3.956817 4.044331 2.414985 5.628586 2.645439 3.314593 1.598171 7.337153 3.807081 4.290142 3.262573 1.924946 4.376388 2.217614
2.807718 1.881126 4.126786 0.542674 1.900410 2.874775 5.418362 1.421172 2.694585 2.919154 2.772974 3.057263 0.000000 3.911436 2.736865 1.607078 4.094412 1.735684 2.970481 6.154018 1.838922 1.381600 2.760782 7.314469 2.531472 1.512816 0.433615 2.229797 3.667320 3.603685
5.965248 3.013364 3.365887 4.315929 5.429530 5.724470 3.290979 2.908559 5.871482 5.279383 5.894575 4.572756 3.911436 0.000000 5.654629 4.337164 6.420567 5.224323 3.357664 8.295318 2.627063 4.710341 3.718435 9.659273 5.505959 4.836057 4.232790 3.151546 6.346797 4.385754
2.004043 3.446807 5.641118 2.604480 3.617251 0.469633 7.194819 3.341791 1.981691 2.627606 1.674852 3.906529 2.736865 5.654629 0.000000 1.461880 3.652186 2.603557 4.378532 6.044415 3.686547 1.704904 4.005795 6.733564 0.359674 3.905433 2.619596 3.680828 1.939826 4.789476
2.252739 2.015663 4.279583 1.631033 2.814672 1.474771 5.907930 1.973219 2.173404 1.399968 2.088707 2.426708 1.607078 4.337164 1.461880 0.000000 2.607105 2.048865 2.958475 4.863148 2.309865 1.153666 2.550631 5.874719 1.360408 2.877832 1.611942 2.238155 2.134431 3.360925
4.692983 4.109240 6.252772 4.172951 5.299246 3.495850 8.004553 4.211266 4.630598 1.552942 4.511698 3.956817 4.094412 6.420567 3.652186 2.607105 0.000000 4.599003 4.897115 4.130544 4.488887 3.755616 4.409868 4.620208 3.671415 5.308228 4.145812 4.249017 3.449307 5.140216
1.974560 3.184040 5.357868 1.262806 1.632971 2.845253 6.718657 2.880454 1.828700 3.481677 2.083216 4.044331 1.735684 5.224323 2.603557 2.048865 4.599003 0.000000 4.186855 6.752466 3.262286 1.026123 3.915312 7.752337 2.329100 2.555310 1.358472 3.480053 3.812971 4.717192
4.814913 1.302006 2.325281 3.336854 4.534712 4.421621 5.247954 1.915768 4.724643 3.724156 4.722621 2.414985 2.970481 3.357664 4.378532 2.958475 4.897115 4.186855 0.000000 6.710710 1.737368 3.560546 1.001981 8.186465 4.247378 4.118431 3.259516 0.951622 4.992300 1.579229
6.936223 5.998767 8.079449 6.269581 7.391952 5.940800 9.888532 6.153983 6.869754 4.069441 6.775253 5.628586 6.154018 8.295318 6.044415 4.863148 4.130544 6.752466 6.710710 0.000000 6.402925 5.953211 6.199308 7.684233 6.027875 7.348483 6.235792 6.102380 6.065405 6.885656
4.019574 0.729905 2.829877 2.290804 3.519950 3.758420 4.380908 0.460603 3.922722 3.301387 3.943643 2.645439 1.838922 2.627063 3.686547 2.309865 4.488887 3.262286 1.737368 6.402925 0.000000 2.700064 1.835766 7.755816 3.532242 2.961520 2.199190 1.074368 4.401790 2.721142
1.560762 2.553859 4.784185 1.092842 2.119535 1.935789 6.233897 2.318552 1.436168 2.614451 1.516549 3.314593 1.381600 4.710341 1.704904 1.153666 3.755616 1.026123 3.560546 5.953211 2.700064 0.000000 3.247939 6.930407 1.432184 2.528687 1.138934 2.837413 2.930139 4.060953
4.495761 1.191113 3.013014 3.099093 4.315324 4.036811 5.507778 1.864041 4.407062 3.219314 4.394538 1.598171 2.760782 3.718435 4.005795 2.550631 4.409868 3.915312 1.001981 6.199308 1.835766 3.247939 0.000000 7.726650 3.882725 3.962199 3.026074 0.833445 4.584013 1.166151
7.791933 7.403648 9.510296 7.372396 8.461078 6.561740 11.231923 7.478331 7.734918 5.271989 7.607168 7.337153 7.314469 9.659273 6.733564 5.874719 4.620208 7.752337 8.186465 7.684233 7.755816 6.930407 7.726650 0.000000 6.772514 8.495291 7.349569 7.550554 6.379043 8.444244
1.694954 3.304393 5.504518 2.376470 3.380213 0.780418 7.043526 3.181971 1.667471 2.618930 1.364257 3.807081 2.531472 5.505959 0.359674 1.360408 3.671415 2.329100 4.247378 6.027875 3.532242 1.432184 3.882725 6.772514 0.000000 3.696420 2.396284 3.545575 2.160138 4.670894
3.825728 3.099653 5.167940 1.578283 1.971156 4.055648 6.260650 2.597281 3.711965 4.172684 3.826991 4.290142 1.512816 4.836057 3.905433 2.877832 5.308228 2.555310 4.118431 7.348483 2.961520 2.528687 3.962199 8.495291 3.696420 0.000000 1.540479 3.435660 4.848536 4.764988
2.570629 2.196183 4.421857 0.110067 1.572444 2.781882 5.732491 1.790711 2.450844 2.982395 2.556259 3.262573 0.433615 4.232790 2.619596 1.611942 4.145812 1.358472 3.259516 6.235792 2.199190 1.138934 3.026074 7.349569 2.396284 1.540479 0.000000 2.527894 3.621338 3.856535
4.120201 0.426699 2.688167 2.607624 3.843797 3.727002 4.956624 1.153470 4.028268 3.047971 4.026685 1.924946 2.229797 3.151546 3.680828 2.238155 4.249017 3.480053 0.951622 6.102380 1.074368 2.837413 0.833445 7.550554 3.545575 3.435660 2.527894 0.000000 4.314297 1.843840
3.526065 4.112798 6.280007 3.624557 4.677725 1.543074 7.899633 4.082076 3.489519 2.660401 3.269913 4.376388 3.667320 6.346797 1.939826 2.134431 3.449307 3.812971 4.992300 6.065405 4.401790 2.930139 4.584013 6.379043 2.160138 4.848536 3.621338 4.314297 0.000000 5.346539
5.280811 2.168764 3.464433 3.926630 5.111590 4.816862 6.176480 2.766607 5.193818 3.982119 5.179831 2.217614 3.603685 4.385754 4.789476 3.360925 5.140216 4.717192 1.579229 6.885656 2.721142 4.060953 1.166151 8.444244 4.670894 4.764988 3.856535 1.843840 5.346539 0.000000
