de Poincaré
0.000000 4.135032 3.382525 0.673828 2.340293 2.229830 8.354368 7.030508 6.636032 4.992789 4.831600 10.327299 5.149305 6.171456 2.076783 3.478432 2.529253 2.917288 3.363892 2.593100 1.698554 3.902788 4.750780 5.564583 6.075429 6.067162 3.854191 4.191917 3.359359 1.751121
4.135032 0.000000 4.550883 3.731273 3.676960 3.237696 7.580842 4.420183 3.653892 5.574574 3.860514 8.084202 2.035993 3.221724 2.235010 2.316919 1.685270 1.205581 1.449926 4.051870 3.599650 4.480076 3.597391 6.250247 2.684073 5.897854 3.809707 4.558973 4.471674 3.361919
3.382525 4.550883 0.000000 3.245980 4.122667 3.822459 9.329692 7.627278 7.173789 6.424192 4.463545 10.981045 5.699971 6.722750 2.955982 3.362598 3.294745 3.353521 3.559920 1.129636 2.050067 5.351372 5.653524 7.030166 6.388041 5.152828 2.873034 5.555840 5.040819 3.599670
0.673828 3.731273 3.245980 0.000000 1.807740 1.678562 7.922638 6.624681 6.234829 4.549159 4.510788 9.918082 4.740769 5.767773 1.600801 3.119898 2.079541 2.503767 2.974350 2.469108 1.545979 3.434699 4.309412 5.130659 5.694404 5.802097 3.576354 3.728470 2.891637 1.163159
2.340293 3.676960 4.122667 1.807740 0.000000 0.572045 7.294389 6.400573 6.062329 3.327907 4.859343 9.641397 4.561306 5.584261 1.671778 3.421598 1.893031 2.522402 3.115454 3.454208 2.692364 2.096497 3.765643 3.921446 5.693641 6.303724 4.129024 2.521416 1.349105 0.739706
2.229830 3.237696 3.822459 1.678562 0.572045 0.000000 6.927004 5.979353 5.640093 3.325274 4.476113 9.224162 4.128430 5.159732 1.215115 3.011495 1.428468 2.078012 2.683950 3.157805 2.404471 2.068879 3.344212 3.973009 5.277297 5.953780 3.767843 2.386935 1.687106 0.602765
8.354368 7.580842 9.329692 7.922638 7.294389 6.927004 0.000000 9.614037 9.479174 8.415376 9.458424 12.604686 8.012383 8.971624 6.762054 8.024877 6.261133 6.826785 7.504466 8.769006 8.194258 7.385186 5.392492 9.186376 9.624505 11.099763 9.007343 7.227299 7.786197 7.270738
7.030508 4.420183 7.627278 6.624681 6.400573 5.979353 9.614037 0.000000 3.986439 8.094768 7.260169 7.704686 3.235165 3.233670 5.219408 5.817021 4.562217 4.562229 5.111508 7.115823 6.630016 7.024021 5.521773 8.786244 6.394532 9.114752 7.056342 7.053786 7.109103 6.170735
6.636032 3.653892 7.173789 6.234829 6.062329 5.640093 9.479174 3.986439 0.000000 7.806481 6.707313 8.660428 2.234829 1.189759 4.815765 5.267122 4.179090 4.053649 4.533132 6.670830 6.200474 6.733746 5.439407 8.491486 5.502583 8.608807 6.556766 6.778170 6.790205 5.810140
4.992789 5.574574 6.424192 4.549159 3.327907 3.325274 8.415376 8.094768 7.806481 0.000000 6.949870 11.276024 6.327081 7.324133 3.974753 5.541354 3.894791 4.542681 5.168296 5.814704 5.155191 1.757851 5.165216 1.968631 7.575301 8.444576 6.323260 2.096895 2.891471 3.719308
4.831600 3.860514 4.463545 4.510788 4.859343 4.476113 9.458424 7.260169 6.707313 6.949870 0.000000 10.705142 5.244789 6.276585 3.364055 1.973189 3.335688 2.938376 2.639232 4.140060 3.968083 5.873819 5.685794 7.587155 5.463198 4.531902 2.759667 6.017984 5.714138 4.434237
10.327299 8.084202 10.981045 9.918082 9.641397 9.224162 12.604686 7.704686 8.660428 11.276024 10.705142 0.000000 7.449659 8.040520 8.538476 9.265286 7.877482 7.998419 8.593934 10.462289 9.962874 10.209639 8.464568 11.974273 10.096336 12.516581 10.454165 10.222669 10.326215 9.436439
5.149305 2.035993 5.699971 4.740769 4.561306 4.128430 8.012383 3.235165 2.234829 6.327081 5.244789 7.449659 0.000000 1.597003 3.284446 3.765475 2.624636 2.490706 2.998690 5.189719 4.709403 5.243831 3.924420 7.015119 4.138712 7.151423 5.081626 5.288876 5.301585 4.304413
6.171456 3.221724 6.722750 5.767773 5.584261 5.159732 8.971624 3.233670 1.189759 7.324133 6.276585 8.040520 1.597003 0.000000 4.342198 4.827209 3.694860 3.590283 4.090366 6.216666 5.741307 6.249407 4.910495 8.010993 5.151358 8.170752 6.113762 6.291282 6.311404 5.335077
2.076783 2.235010 2.955982 1.600801 1.671778 1.215115 6.762054 5.219408 4.815765 3.974753 3.364055 8.538476 3.284446 4.342198 0.000000 1.825159 0.604716 1.011748 1.528977 2.321217 1.663059 2.822156 3.003352 4.630004 4.285313 4.925043 2.686420 2.996841 2.638847 1.221977
3.478432 2.316919 3.362598 3.119898 3.421598 3.011495 8.024877 5.817021 5.267122 5.541354 1.973189 9.265286 3.765475 4.827209 1.825159 0.000000 1.790359 1.311796 0.916147 2.933349 2.639334 4.446963 4.214289 6.187081 4.093417 4.305103 2.084118 4.588150 4.299958 2.987692
2.529253 1.685270 3.294745 2.079541 1.893031 1.428468 6.261133 4.562217 4.179090 3.894791 3.335688 7.877482 2.624636 3.694860 0.604716 1.790359 0.000000 0.662012 1.292381 2.718563 2.143782 2.755048 2.395334 4.578122 3.804064 5.037156 2.865501 2.857629 2.730133 1.592338
2.917288 1.205581 3.353521 2.503767 2.522402 2.078012 6.826785 4.562229 4.053649 4.542681 2.938376 7.998419 2.490706 3.590283 1.011748 1.311796 0.662012 0.000000 0.645008 2.827184 2.348252 3.429803 2.928611 5.211655 3.319916 4.838291 2.673325 3.538170 3.367967 2.164425
3.363892 1.449926 3.559920 2.974350 3.115454 2.683950 7.504466 5.111508 4.533132 5.168296 2.639232 8.593934 2.998690 4.090366 1.528977 0.916147 1.292381 0.645008 0.000000 3.076546 2.675560 4.066834 3.635012 5.827066 3.358966 4.792237 2.632229 4.186646 3.972054 2.724029
2.593100 4.051870 1.129636 2.469108 3.454208 3.157805 8.769006 7.115823 6.670830 5.814704 4.140060 10.462289 5.189719 6.216666 2.321217 2.933349 2.718563 2.827184 3.076546 0.000000 1.103239 4.733117 5.093841 6.419722 5.921779 5.031352 2.697735 4.946858 4.400523 2.901752
1.698554 3.599650 2.050067 1.545979 2.692364 2.404471 8.194258 6.630016 6.200474 5.155191 3.968083 9.962874 4.709403 5.741307 1.663059 2.639334 2.143782 2.348252 2.675560 1.103239 0.000000 4.057725 4.523407 5.759234 5.516486 5.086460 2.764013 4.287497 3.688114 2.091401
3.902788 4.480076 5.351372 3.434699 2.096497 2.068879 7.385186 7.024021 6.733746 1.757851 5.873819 10.209639 5.243831 6.249407 2.822156 4.446963 2.755048 3.429803 4.066834 4.733117 4.057725 0.000000 4.070637 2.750671 6.500330 7.377336 5.243599 0.970266 1.775485 2.531481
4.750780 3.597391 5.653524 4.309412 3.765643 3.344212 5.392492 5.521773 5.439407 5.165216 5.685794 8.464568 3.924420 4.910495 3.003352 4.214289 2.395334 2.928611 3.635012 5.093841 4.523407 4.070637 0.000000 5.916759 5.716698 7.377448 5.273343 3.986463 4.367822 3.674131
5.564583 6.250247 7.030166 5.130659 3.921446 3.973009 9.186376 8.786244 8.491486 1.968631 7.587155 11.974273 7.015119 8.010993 4.630004 6.187081 4.578122 5.211655 5.827066 6.419722 5.759234 2.750671 5.916759 0.000000 8.241299 9.068426 6.949044 3.245361 3.353967 4.324378
6.075429 2.684073 6.388041 5.694404 5.693641 5.277297 9.624505 6.394532 5.502583 7.575301 5.463198 10.096336 4.138712 5.151358 4.285313 4.093417 3.804064 3.319916 3.358966 5.921779 5.516486 6.500330 5.716698 8.241299 0.000000 7.593800 5.576950 6.585335 6.473293 5.375337
6.067162 5.897854 5.152828 5.802097 6.303724 5.953780 11.099763 9.114752 8.608807 8.444576 4.531902 12.516581 7.151423 8.170752 4.925043 4.305103 5.037156 4.838291 4.792237 5.031352 5.086460 7.377336 7.377448 9.068426 7.593800 0.000000 3.129945 7.541758 7.167006 5.853961
3.854191 3.809707 2.873034 3.576354 4.129024 3.767843 9.007343 7.056342 6.556766 6.323260 2.759667 10.454165 5.081626 6.113762 2.686420 2.084118 2.865501 2.673325 2.632229 2.697735 2.764013 5.243599 5.273343 6.949044 5.576950 3.129945 0.000000 5.413812 5.021993 3.651525
4.191917 4.558973 5.555840 3.728470 2.521416 2.386935 7.227299 7.053786 6.778170 2.096895 6.017984 10.222669 5.288876 6.291282 2.996841 4.588150 2.857629 3.538170 4.186646 4.946858 4.287497 0.970266 3.986463 3.245361 6.585335 7.541758 5.413812 0.000000 2.441978 2.859173
3.359359 4.471674 5.040819 2.891637 1.349105 1.687106 7.786197 7.109103 6.790205 2.891471 5.714138 10.326215 5.301585 6.311404 2.638847 4.299958 2.730133 3.367967 3.972054 4.400523 3.688114 1.775485 4.367822 3.353967 6.473293 7.167006 5.021993 2.441978 0.000000 1.975471
1.751121 3.361919 3.599670 1.163159 0.739706 0.602765 7.270738 6.170735 5.810140 3.719308 4.434237 9.436439 4.304413 5.335077 1.221977 2.987692 1.592338 2.164425 2.724029 2.901752 2.091401 2.531481 3.674131 4.324378 5.375337 5.853961 3.651525 2.859173 1.975471 0.000000
