de Poincaré
0.000000 2.742044 5.766252 3.761340 3.226413 3.098997 1.859114 4.132998 4.164690 5.002640 7.058982 2.455856 8.734001 4.781802 1.789082 3.318182 3.658241 5.617463 2.056717 2.663357 4.043968 1.908824 4.219652 4.919423 0.556608 5.544241 2.373529 4.055375 8.333687 1.679253
2.742044 0.000000 7.323454 5.062561 5.076508 4.840220 3.973493 5.770378 5.854658 6.449005 8.665316 3.729340 9.745834 5.682785 3.557015 4.743711 5.280061 7.216196 3.573848 3.154798 5.784299 3.467780 5.939366 6.304803 2.500788 7.056807 3.482813 4.025593 10.063193 1.393743
5.766252 7.323454 0.000000 5.276334 4.920774 3.792875 5.087517 3.027598 4.116719 4.803082 5.583321 4.981716 11.005920 7.405006 4.040022 4.332420 2.745297 3.468216 4.236639 6.294850 4.743603 4.245475 4.672713 5.464338 5.622755 3.576922 5.379458 7.764430 9.409177 6.485293
3.761340 5.062561 5.276334 0.000000 4.149735 3.438901 3.651422 4.006287 4.375708 3.484021 6.959875 1.786322 7.377211 4.045505 2.444569 1.294038 3.350609 5.408524 1.810872 3.577744 4.532477 1.952512 4.616948 2.722579 3.484962 4.693681 2.369757 5.170719 8.997482 4.226369
3.226413 5.076508 4.920774 4.149735 0.000000 1.460795 1.815810 2.903633 2.430090 4.772277 5.828281 3.322478 9.536825 5.789699 1.774975 3.422900 2.688861 4.492250 2.530616 4.326586 1.751950 2.422176 2.124967 4.925344 3.215505 4.969269 3.571052 5.768403 6.032008 4.204370
3.098997 4.840220 3.792875 3.438901 1.460795 0.000000 2.063397 1.581273 1.289264 3.846954 4.726682 2.760782 8.981376 5.278576 1.327974 2.608746 1.405514 3.320637 1.930264 3.940171 1.355290 1.863101 1.447233 4.092595 3.010717 3.920329 3.085418 5.416904 6.334058 3.969349
1.859114 3.973493 5.087517 3.651422 1.815810 2.063397 0.000000 3.299166 3.178730 4.581404 6.247046 2.598720 8.891512 5.067590 1.184962 3.038700 2.900627 4.837350 1.902852 3.389908 2.912332 1.753064 3.141359 4.614245 1.956840 4.972381 2.743273 4.831932 7.187438 3.054602
4.132998 5.770378 3.027598 4.006287 2.903633 1.581273 3.299166 0.000000 1.567172 3.999913 3.828251 3.530670 9.659519 6.010819 2.340697 3.091018 0.925421 2.142611 2.723457 4.797212 2.482971 2.700117 2.339916 4.434371 4.012257 3.642895 3.902611 6.271188 7.392171 4.917949
4.164690 5.854658 4.116719 4.375708 2.430090 1.289264 3.178730 1.567172 0.000000 4.615351 4.441563 3.777365 9.924207 6.244495 2.427881 3.533137 1.919925 3.240807 2.964483 4.954351 1.442437 2.910678 1.096616 4.933350 4.075547 4.496338 4.108183 6.412796 6.684315 5.000370
5.002640 6.449005 4.803082 3.484021 4.772277 3.846954 4.581404 3.999913 4.615351 0.000000 6.927256 3.740765 9.623298 6.131901 3.380985 2.458144 3.272604 5.272186 3.170016 5.250999 4.936971 3.253784 4.967154 2.556018 4.801949 3.584973 4.228332 6.757309 9.478929 5.615176
7.058982 8.665316 5.583321 6.959875 5.828281 4.726682 6.247046 3.828251 4.441563 6.927256 0.000000 6.500748 12.556150 8.915938 5.359492 6.095937 4.350443 3.423393 5.731029 7.716385 5.325397 5.705704 5.138099 7.362399 6.946532 6.484994 6.853976 9.167611 10.053865 7.826758
2.455856 3.729340 4.981716 1.786322 3.322478 2.760782 2.598720 3.530670 3.777365 3.740765 6.500748 0.000000 6.943888 3.078571 1.497768 1.695159 2.929976 4.988944 0.805256 2.059279 3.842829 0.879529 3.958755 3.429415 2.110436 4.575230 0.664318 3.802633 8.276453 2.846880
8.734001 9.745834 11.005920 7.377211 9.536825 8.981376 8.891512 9.659519 9.924207 9.623298 12.556150 6.943888 0.000000 6.822599 7.858389 7.748760 9.080271 11.050547 7.324106 7.997433 10.006316 7.391629 10.110862 9.161451 8.423128 10.552150 7.088208 9.517692 14.387629 8.973981
4.781802 5.682785 7.405006 4.045505 5.789699 5.278576 5.067590 6.010819 6.244495 6.131901 8.915938 3.078571 6.822599 0.000000 4.082129 4.240259 5.442100 7.419272 3.563794 3.680660 6.301056 3.605727 6.414727 5.750299 4.439317 6.990064 2.967383 5.244220 10.672691 4.917601
1.789082 3.557015 4.040022 2.444569 1.774975 1.327974 1.184962 2.340697 2.427881 3.380985 5.359492 1.497768 7.858389 4.082129 0.000000 1.784446 1.838843 3.886497 0.742579 2.611995 2.396738 0.624093 2.546563 3.402987 1.651249 3.843330 1.760291 4.138116 6.880022 2.648794
3.318182 4.743711 4.332420 1.294038 3.422900 2.608746 3.038700 3.091018 3.533137 2.458144 6.095937 1.695159 7.748760 4.240259 1.784446 0.000000 2.382923 4.511852 1.287577 3.415678 3.742024 1.422388 3.812439 2.028358 3.075395 3.693072 2.268815 4.988840 8.265315 3.890483
3.658241 5.280061 2.745297 3.350609 2.688861 1.405514 2.900627 0.925421 1.919925 3.272604 4.350443 2.929976 9.080271 5.442100 1.838843 2.382923 0.000000 2.606214 2.124279 4.260141 2.532412 2.118934 2.483302 3.739295 3.518467 2.985142 3.328836 5.751657 7.342825 4.422964
5.617463 7.216196 3.468216 5.408524 4.492250 3.320637 4.837350 2.142611 3.240807 5.272186 3.423393 4.988944 11.050547 7.419272 3.886497 4.511852 2.606214 0.000000 4.215568 6.241144 4.092271 4.199734 3.942987 5.761889 5.494876 4.682289 5.358120 7.701501 8.844755 6.375211
2.056717 3.573848 4.236639 1.810872 2.530616 1.930264 1.902852 2.723457 2.964483 3.170016 5.731029 0.805256 7.324106 3.563794 0.742579 1.287577 2.124279 4.215568 0.000000 2.299922 3.035678 0.153838 3.151545 3.023585 1.794255 3.879183 1.214055 3.918769 7.513286 2.675357
2.663357 3.154798 6.294850 3.577744 4.326586 3.940171 3.389908 4.797212 4.954351 5.250999 7.716385 2.059279 7.997433 3.680660 2.611995 3.415678 4.260141 6.241144 2.299922 0.000000 4.946315 2.249295 5.082817 5.019113 2.219622 5.963698 1.527110 2.349967 9.291299 2.364916
4.043968 5.784299 4.743603 4.532477 1.751950 1.355290 2.912332 2.482971 1.442437 4.936971 5.325397 3.842829 10.006316 6.301056 2.396738 3.742024 2.532412 4.092271 3.035678 4.946315 0.000000 2.959175 0.571244 5.180803 3.984367 4.963372 4.139917 6.393323 5.803035 4.927103
1.908824 3.467780 4.245475 1.952512 2.422176 1.863101 1.753064 2.700117 2.910678 3.253784 5.705704 0.879529 7.391629 3.605727 0.624093 1.422388 2.118934 4.199734 0.153838 2.249295 2.959175 0.000000 3.082499 3.134464 1.653673 3.917868 1.220536 3.860088 7.428415 2.560300
4.219652 5.939366 4.672713 4.616948 2.124967 1.447233 3.141359 2.339916 1.096616 4.967154 5.138099 3.958755 10.110862 6.414727 2.546563 3.812439 2.483302 3.942987 3.151545 5.082817 0.571244 3.082499 0.000000 5.234370 4.150686 4.945826 4.265817 6.531426 6.111664 5.084664
4.919423 6.304803 5.464338 2.722579 4.925344 4.092595 4.614245 4.434371 4.933350 2.556018 7.362399 3.429415 9.161451 5.750299 3.402987 2.028358 3.739295 5.761889 3.023585 5.019113 5.180803 3.134464 5.234370 0.000000 4.693868 4.605231 3.949697 6.541762 9.681118 5.475517
0.556608 2.500788 5.622755 3.484962 3.215505 3.010717 1.956840 4.012257 4.075547 4.801949 6.946532 2.110436 8.423128 4.439317 1.651249 3.075395 3.518467 5.494876 1.794255 2.219622 3.984367 1.653673 4.150686 4.693868 0.000000 5.377521 1.973932 3.673962 8.301470 1.373877
5.544241 7.056807 3.576922 4.693681 4.969269 3.920329 4.972381 3.642895 4.496338 3.584973 6.484994 4.575230 10.552150 6.990064 3.843330 3.693072 2.985142 4.682289 3.879183 5.963698 4.963372 3.917868 4.945826 4.605231 5.377521 0.000000 5.007848 7.446286 9.567125 6.220767
2.373529 3.482813 5.379458 2.369757 3.571052 3.085418 2.743273 3.902611 4.108183 4.228332 6.853976 0.664318 7.088208 2.967383 1.760291 2.268815 3.328836 5.358120 1.214055 1.527110 4.139917 1.220536 4.265817 3.949697 1.973932 5.007848 0.000000 3.404296 8.539192 2.596830
4.055375 4.025593 7.764430 5.170719 5.768403 5.416904 4.831932 6.271188 6.412796 6.757309 9.167611 3.802633 9.517692 5.244220 4.138116 4.988840 5.751657 7.701501 3.918769 2.349967 6.393323 3.860088 6.531426 6.541762 3.673962 7.446286 3.404296 0.000000 10.707779 3.516339
8.333687 10.063193 9.409177 8.997482 6.032008 6.334058 7.187438 7.392171 6.684315 9.478929 10.053865 8.276453 14.387629 10.672691 6.880022 8.265315 7.342825 8.844755 7.513286 9.291299 5.803035 7.428415 6.111664 9.681118 8.301470 9.567125 8.539192 10.707779 0.000000 9.220911
1.679253 1.393743 6.485293 4.226369 4.204370 3.969349 3.054602 4.917949 5.000370 5.615176 7.826758 2.846880 8.973981 4.917601 2.648794 3.890483 4.422964 6.375211 2.675357 2.364916 4.927103 2.560300 5.084664 5.475517 1.373877 6.220767 2.596830 3.516339 9.220911 0.000000
