de Poincaré
0.000000 0.357915 2.485546 0.887297 2.574794 5.012163 3.215157 1.883342 1.590080 4.684168 1.015249 1.964046 5.284784 0.796799 2.265973 1.885032 0.408380 1.423331 6.935038 6.006990 3.301733 2.898579 6.099942 3.588739 0.871730 3.238999 1.880815 0.393931 7.135933 3.206133
0.357915 0.000000 2.159019 0.938275 2.630470 4.991754 3.020852 1.727646 1.714188 4.501290 1.294688 2.273942 5.136103 0.994931 1.959829 2.145480 0.175648 1.467207 6.858786 6.270683 3.395149 2.937604 6.015108 3.559107 1.015257 3.442977 1.567608 0.228523 6.931929 3.267847
2.485546 2.159019 0.000000 2.703786 4.274374 6.395654 3.804594 2.891510 3.520529 5.246468 3.308780 4.216193 6.066179 2.946102 1.895283 4.091330 2.144635 3.157664 8.082401 8.098840 5.072797 4.311306 7.211913 4.683055 2.896162 5.272081 1.731475 2.186951 7.471330 4.894403
0.887297 0.938275 2.703786 0.000000 3.415636 5.793832 3.894923 2.638758 2.448427 5.343239 1.802514 2.162482 5.978259 1.643282 2.778089 2.644025 1.093585 2.272737 7.682460 6.397502 4.120904 2.296593 6.843593 3.053879 1.722299 3.994266 2.404212 1.124013 7.747647 4.030389
2.574794 2.630470 4.274374 3.415636 0.000000 3.726037 3.726318 2.267189 1.229925 5.156070 2.234713 3.905744 5.470794 1.905709 3.600105 2.548059 2.453990 1.171623 6.399791 7.425600 1.431315 5.160466 5.654456 5.794980 1.718034 3.245348 3.274757 2.379188 7.818267 0.854497
5.012163 4.991754 6.395654 5.793832 3.726037 0.000000 5.396595 4.175574 4.206873 6.743773 4.922073 6.419359 6.854322 4.537629 5.616808 5.357495 4.810185 3.846739 6.850238 9.952018 4.733257 7.488805 6.287255 8.086582 4.345595 6.123082 5.335453 4.746100 9.510329 4.081116
3.215157 3.020852 3.804594 3.894923 3.726318 5.396595 0.000000 1.666468 3.331392 2.133745 3.592238 4.895275 3.443815 3.145428 2.499759 4.262013 2.846054 2.809746 6.596265 8.595781 4.674116 5.612096 5.624526 6.140090 2.986704 5.291739 2.396489 2.817528 5.295115 4.356645
1.883342 1.727646 2.891510 2.638758 2.267189 4.175574 1.666468 0.000000 1.852376 3.302029 2.180444 3.585741 3.822907 1.722764 1.843591 2.855412 1.538833 1.307530 5.728917 7.302524 3.261970 4.424516 4.834164 4.987859 1.551817 3.908359 1.563399 1.498539 6.013334 2.941003
1.590080 1.714188 3.520529 2.448427 1.229925 4.206873 3.331392 1.852376 0.000000 4.785037 1.072240 2.848185 5.209830 0.819731 2.949600 1.395965 1.559643 0.536735 6.467816 6.420051 1.904969 4.235530 5.677292 4.899975 0.678285 2.354946 2.600056 1.482607 7.376003 1.881960
4.684168 4.501290 5.246468 5.343239 5.156070 6.743773 2.133745 3.302029 4.785037 0.000000 5.042581 6.317653 4.042901 4.608422 4.024627 5.692376 4.332536 4.284503 7.848404 9.996458 6.079815 7.024847 6.859771 7.547570 4.453346 6.699908 3.941626 4.303454 5.717935 5.764212
1.015249 1.294688 3.308780 1.802514 2.234713 4.922073 3.592238 2.180444 1.072240 5.042581 0.000000 1.920627 5.555283 0.426545 2.928685 0.914316 1.217483 1.218428 7.010474 5.667928 2.832216 3.620441 6.198709 4.352222 0.591909 2.436593 2.561274 1.150444 7.556940 2.843894
1.964046 2.273942 4.216193 2.162482 3.905744 6.419359 4.895275 3.585741 2.848185 6.317653 1.920627 0.000000 6.878026 2.097259 4.057447 2.467984 2.303937 2.870869 8.427462 5.224276 4.481712 3.600008 7.607453 4.520262 2.244207 3.926237 3.699422 2.271475 8.772783 4.481423
5.284784 5.136103 6.066179 5.978259 5.470794 6.854322 3.443815 3.822907 5.209830 4.042901 5.555283 6.878026 0.000000 5.122407 4.973207 6.171369 4.959522 4.704244 7.644043 10.526272 6.419779 7.662619 6.572073 8.202395 4.954714 7.140710 4.816444 4.921056 7.689433 6.066648
0.796799 0.994931 2.946102 1.643282 1.905709 4.537629 3.145428 1.722764 0.819731 4.608422 0.426545 2.097259 5.122407 0.000000 2.508442 1.201585 0.885387 0.830812 6.596194 5.861256 2.592283 3.489365 5.780073 4.180049 0.185855 2.530602 2.141100 0.814463 7.132552 2.540238
2.265973 1.959829 1.895283 2.778089 3.600105 5.616808 2.499759 1.843591 2.949600 4.024627 2.928685 4.057447 4.973207 2.508442 0.000000 3.686693 1.846615 2.505499 7.193231 7.868981 4.463565 4.508954 6.300898 4.982197 2.407659 4.821772 0.447523 1.860154 6.207752 4.236271
1.885032 2.145480 4.091330 2.644025 2.548059 5.357495 4.262013 2.855412 1.395965 5.692376 0.914316 2.467984 6.171369 1.201585 3.686693 0.000000 2.052478 1.739852 7.537038 5.840495 2.957612 4.369253 6.738174 5.102462 1.284271 1.842178 3.331132 1.981185 8.222045 3.096226
0.408380 0.175648 2.144635 1.093585 2.453990 4.810185 2.846054 1.538833 1.559643 4.332536 1.217483 2.303937 4.959522 0.885387 1.846615 2.052478 0.000000 1.294835 6.676090 6.249121 3.232485 3.046244 5.832094 3.661215 0.883686 3.327823 1.455516 0.068778 6.776878 3.095541
1.423331 1.467207 3.157664 2.272737 1.171623 3.846739 2.809746 1.307530 0.536735 4.284503 1.218428 2.870869 4.704244 0.830812 2.505499 1.739852 1.294835 0.000000 6.001759 6.509960 2.091384 4.072045 5.199561 4.708227 0.635894 2.748839 2.161602 1.223218 6.898870 1.881926
6.935038 6.858786 8.082401 7.682460 6.399791 6.850238 6.596265 5.728917 6.467816 7.848404 7.010474 8.427462 7.644043 6.596194 7.193231 7.537038 6.676090 6.001759 0.000000 12.009640 7.397012 9.369851 4.179206 9.942565 6.410061 8.405782 6.950389 6.621664 10.767937 6.927153
6.006990 6.270683 8.098840 6.397502 7.425600 9.952018 8.595781 7.302524 6.420051 9.996458 5.667928 5.224276 10.526272 5.861256 7.868981 5.840495 6.249121 6.509960 12.009640 0.000000 7.909651 7.773780 11.198592 8.596785 5.971663 7.090889 7.527491 6.203225 12.466816 7.957755
3.301733 3.395149 5.072797 4.120904 1.431315 4.733257 4.674116 3.261970 1.904969 6.079815 2.832216 4.481712 6.419779 2.592283 4.463565 2.957612 3.232485 2.091384 7.397012 7.909651 0.000000 5.830190 6.651763 6.477881 2.440461 3.352696 4.138767 3.156867 8.708189 1.195407
2.898579 2.937604 4.311306 2.296593 5.160466 7.488805 5.612096 4.424516 4.235530 7.024847 3.620441 3.600008 7.662619 3.489365 4.508954 4.369253 3.046244 4.072045 9.369851 7.773780 5.830190 0.000000 8.532403 2.189358 3.556555 5.657841 4.170690 3.065928 9.405103 5.749657
6.099942 6.015108 7.211913 6.843593 5.654456 6.287255 5.624526 4.834164 5.677292 6.859771 6.198709 7.607453 6.572073 5.780073 6.300898 6.738174 5.832094 5.199561 4.179206 11.198592 6.651763 8.532403 0.000000 9.101680 5.594815 7.621621 6.064397 5.779160 9.817848 6.197622
3.588739 3.559107 4.683055 3.053879 5.794980 8.086582 6.140090 4.987859 4.899975 7.547570 4.352222 4.520262 8.202395 4.180049 4.982197 5.102462 3.661215 4.708227 9.942565 8.596785 6.477881 2.189358 9.101680 0.000000 4.228460 6.361874 4.656188 3.687238 9.909165 6.384419
0.871730 1.015257 2.896162 1.722299 1.718034 4.345595 2.986704 1.551817 0.678285 4.453346 0.591909 2.244207 4.954714 0.185855 2.407659 1.284271 0.883686 0.635894 6.410061 5.971663 2.440461 3.556555 5.594815 4.228460 0.000000 2.526885 2.044740 0.811116 6.992341 2.362919
3.238999 3.442977 5.272081 3.994266 3.245348 6.123082 5.291739 3.908359 2.354946 6.699908 2.436593 3.926237 7.140710 2.530602 4.821772 1.842178 3.327823 2.748839 8.405782 7.090889 3.352696 5.657841 7.621621 6.361874 2.526885 0.000000 4.481640 3.254766 9.248992 3.671465
1.880815 1.567608 1.731475 2.404212 3.274757 5.335453 2.396489 1.563399 2.600056 3.941626 2.561274 3.699422 4.816444 2.141100 0.447523 3.331132 1.455516 2.161602 6.950389 7.527491 4.138767 4.170690 6.064397 4.656188 2.044740 4.481640 0.000000 1.471646 6.213593 3.916965
0.393931 0.228523 2.186951 1.124013 2.379188 4.746100 2.817528 1.498539 1.482607 4.303454 1.150444 2.271475 4.921056 0.814463 1.860154 1.981185 0.068778 1.223218 6.621664 6.203225 3.156867 3.065928 5.779160 3.687238 0.811116 3.254766 1.471646 0.000000 6.756350 3.021240
7.135933 6.931929 7.471330 7.747647 7.818267 9.510329 5.295115 6.013334 7.376003 5.717935 7.556940 8.772783 7.689433 7.132552 6.207752 8.222045 6.776878 6.898870 10.767937 12.466816 8.708189 9.405103 9.817848 9.909165 6.992341 9.248992 6.213593 6.756350 0.000000 8.422589
3.206133 3.267847 4.894403 4.030389 0.854497 4.081116 4.356645 2.941003 1.881960 5.764212 2.843894 4.481423 6.066648 2.540238 4.236271 3.096226 3.095541 1.881926 6.927153 7.957755 1.195407 5.749657 6.197622 6.384419 2.362919 3.671465 3.916965 3.021240 8.422589 0.000000
