Euclidiano
0.000000 0.198378 0.781153 1.057143 0.779932 0.644897 0.239365 0.363951 0.551840 0.461432 0.208918 0.767304 0.916165 0.105088 0.521734
0.198378 0.000000 0.803786 0.962755 0.860605 0.665099 0.400727 0.481789 0.505177 0.550697 0.040414 0.790783 0.868116 0.213426 0.539108
0.781153 0.803786 0.000000 0.580145 0.245988 0.139062 0.627540 0.478245 0.350129 0.364761 0.766803 0.013947 0.316544 0.676736 0.265703
1.057143 0.962755 0.580145 0.000000 0.826073 0.597521 1.024075 0.917372 0.520459 0.834239 0.923556 0.584513 0.265514 0.964309 0.641015
0.779932 0.860605 0.245988 0.826073 0.000000 0.284920 0.571590 0.421322 0.516662 0.318798 0.829929 0.242495 0.561830 0.685404 0.364664
0.644897 0.665099 0.139062 0.597521 0.284920 0.000000 0.505617 0.363655 0.236550 0.257468 0.628391 0.125807 0.355924 0.540083 0.126645
0.239365 0.400727 0.627540 1.024075 0.571590 0.505617 0.000000 0.153960 0.505211 0.268157 0.391058 0.613744 0.832910 0.187953 0.403417
0.363951 0.481789 0.478245 0.917372 0.421322 0.363655 0.153960 0.000000 0.413800 0.114900 0.460535 0.464625 0.706210 0.279616 0.278206
0.551840 0.505177 0.350129 0.520459 0.516662 0.236550 0.505211 0.413800 0.000000 0.357345 0.465063 0.340447 0.367307 0.452531 0.171386
0.461432 0.550697 0.364761 0.834239 0.318798 0.257468 0.268157 0.114900 0.357345 0.000000 0.523411 0.351291 0.609001 0.366866 0.196509
0.208918 0.040414 0.766803 0.923556 0.829929 0.628391 0.391058 0.460535 0.465063 0.523411 0.000000 0.753910 0.827724 0.203372 0.502842
0.767304 0.790783 0.013947 0.584513 0.242495 0.125807 0.613744 0.464625 0.340447 0.351291 0.753910 0.000000 0.321995 0.662917 0.252392
0.916165 0.868116 0.316544 0.265514 0.561830 0.355924 0.832910 0.706210 0.367307 0.609001 0.827724 0.321995 0.000000 0.814328 0.430475
0.105088 0.213426 0.676736 0.964309 0.685404 0.540083 0.187953 0.279616 0.452531 0.366866 0.203372 0.662917 0.814328 0.000000 0.416661
0.521734 0.539108 0.265703 0.641015 0.364664 0.126645 0.403417 0.278206 0.171386 0.196509 0.502842 0.252392 0.430475 0.416661 0.000000
