Euclidiano
0.000000 0.179998 0.359074 0.548047 0.349121 0.525822 0.265292 0.353221 0.478288 0.426159 0.462909 0.441917 0.392076 0.309653 0.317290
0.179998 0.000000 0.529840 0.369205 0.213722 0.384643 0.389153 0.328182 0.309426 0.594376 0.345880 0.338088 0.222317 0.481148 0.198175
0.359074 0.529840 0.000000 0.881615 0.706605 0.791064 0.216403 0.505256 0.791165 0.068840 0.703480 0.786420 0.749273 0.258480 0.672510
0.548047 0.369205 0.881615 0.000000 0.332972 0.246519 0.703576 0.491988 0.118886 0.941270 0.314618 0.428319 0.222730 0.849152 0.367557
0.349121 0.213722 0.706605 0.332972 0.000000 0.475291 0.595010 0.527344 0.346487 0.774421 0.477995 0.134942 0.110355 0.591340 0.041485
0.525822 0.384643 0.791064 0.246519 0.475291 0.000000 0.584246 0.313447 0.144583 0.839675 0.096835 0.601486 0.380484 0.832754 0.494411
0.265292 0.389153 0.216403 0.703576 0.595010 0.584246 0.000000 0.289355 0.602278 0.256531 0.493271 0.701669 0.609378 0.377016 0.569347
0.353221 0.328182 0.505256 0.491988 0.527344 0.313447 0.289355 0.000000 0.375300 0.544398 0.217074 0.659731 0.487545 0.612817 0.521227
0.478288 0.309426 0.791165 0.118886 0.346487 0.144583 0.602278 0.375300 0.000000 0.847605 0.197912 0.465746 0.243847 0.786886 0.371577
0.426159 0.594376 0.068840 0.941270 0.774421 0.839675 0.256531 0.544398 0.847605 0.000000 0.749596 0.855222 0.814890 0.312165 0.740681
0.462909 0.345880 0.703480 0.314618 0.477995 0.096835 0.493271 0.217074 0.197912 0.749596 0.000000 0.610709 0.398107 0.763290 0.489408
0.441917 0.338088 0.786420 0.428319 0.134942 0.601486 0.701669 0.659731 0.465746 0.855222 0.610709 0.000000 0.221980 0.631896 0.139928
0.392076 0.222317 0.749273 0.222730 0.110355 0.380484 0.609378 0.487545 0.243847 0.814890 0.398107 0.221980 0.000000 0.666721 0.145454
0.309653 0.481148 0.258480 0.849152 0.591340 0.832754 0.377016 0.612817 0.786886 0.312165 0.763290 0.631896 0.666721 0.000000 0.551022
0.317290 0.198175 0.672510 0.367557 0.041485 0.494411 0.569347 0.521227 0.371577 0.740681 0.489408 0.139928 0.145454 0.551022 0.000000
