Euclidiano
0.000000 0.451294 0.947434 0.167978 0.331897 0.455913 0.236280 0.904293 0.444430 0.438220 0.876073 0.825209 0.391957 1.046509 0.786618
0.451294 0.000000 0.704137 0.334892 0.531462 0.191088 0.272814 1.005038 0.672049 0.169162 0.690156 0.930401 0.809138 1.092197 0.516654
0.947434 0.704137 0.000000 0.781012 0.720760 0.893984 0.914043 0.699048 0.761714 0.873127 0.123402 0.668237 1.099694 0.666218 0.187521
0.167978 0.334892 0.781012 0.000000 0.247227 0.405624 0.232049 0.810108 0.386906 0.382080 0.713743 0.730465 0.474886 0.936976 0.618655
0.331897 0.531462 0.720760 0.247227 0.000000 0.642683 0.478793 0.574564 0.143189 0.617773 0.623270 0.495059 0.382839 0.714626 0.602287
0.455913 0.191088 0.893984 0.405624 0.642683 0.000000 0.221868 1.163886 0.785716 0.026045 0.881075 1.086752 0.845564 1.263280 0.706475
0.236280 0.272814 0.914043 0.232049 0.478793 0.221868 0.000000 1.039602 0.616289 0.206793 0.871185 0.960153 0.628035 1.160635 0.732973
0.904293 1.005038 0.699048 0.810108 0.574564 1.163886 1.039602 0.000000 0.468335 1.137843 0.579483 0.079720 0.771865 0.171490 0.731561
0.444430 0.672049 0.761714 0.386906 0.143189 0.785716 0.616289 0.468335 0.000000 0.760872 0.650990 0.391675 0.356551 0.623570 0.673150
0.438220 0.169162 0.873127 0.382080 0.617773 0.026045 0.206793 1.137843 0.760872 0.000000 0.858245 1.060717 0.826417 1.237383 0.685613
0.876073 0.690156 0.123402 0.713743 0.623270 0.881075 0.871185 0.579483 0.650990 0.858245 0.000000 0.545914 0.996174 0.559295 0.204768
0.825209 0.930401 0.668237 0.730465 0.495059 1.086752 0.960153 0.079720 0.391675 1.060717 0.545914 0.000000 0.705874 0.235568 0.682345
0.391957 0.809138 1.099694 0.474886 0.382839 0.845564 0.628035 0.771865 0.356551 0.826417 0.996174 0.705874 0.000000 0.940588 0.984898
1.046509 1.092197 0.666218 0.936976 0.714626 1.263280 1.160635 0.171490 0.623570 1.237383 0.559295 0.235568 0.940588 0.000000 0.742022
0.786618 0.516654 0.187521 0.618655 0.602287 0.706475 0.732973 0.731561 0.673150 0.685613 0.204768 0.682345 0.984898 0.742022 0.000000
