Euclidiano
0.000000 0.686671 0.085314 0.364753 0.415142 0.482822 0.453342 0.322705 0.892811 0.782766 0.304383 0.117654 0.688494 0.815667 0.556211
0.686671 0.000000 0.758755 0.826227 0.897531 0.241066 0.713340 0.364475 0.496797 0.408252 0.476505 0.789669 0.414700 0.625605 0.871784
0.085314 0.758755 0.000000 0.408470 0.448529 0.544568 0.521476 0.397730 0.978120 0.867989 0.389655 0.032762 0.723073 0.898655 0.610009
0.364753 0.826227 0.408470 0.000000 0.071663 0.704956 0.194839 0.514144 0.811897 0.726547 0.352011 0.423504 0.977966 0.649126 0.208555
0.415142 0.897531 0.448529 0.071663 0.000000 0.775687 0.243254 0.584727 0.867044 0.785933 0.423665 0.459354 1.046056 0.693345 0.206422
0.482822 0.241066 0.544568 0.704956 0.775687 0.000000 0.645709 0.191056 0.659939 0.551576 0.365035 0.573279 0.303148 0.719677 0.804616
0.453342 0.713340 0.521476 0.194839 0.243254 0.645709 0.000000 0.468153 0.624184 0.546419 0.284469 0.545170 0.941917 0.454298 0.160587
0.322705 0.364475 0.397730 0.514144 0.584727 0.191056 0.468153 0.000000 0.639077 0.524636 0.183696 0.429523 0.474734 0.635099 0.623725
0.892811 0.496797 0.978120 0.811897 0.867044 0.659939 0.624184 0.639077 0.000000 0.114442 0.588939 1.010377 0.907573 0.231962 0.731512
0.782766 0.408252 0.867989 0.726547 0.785933 0.551576 0.546419 0.524636 0.114442 0.000000 0.480164 0.900420 0.810556 0.236878 0.669527
0.304383 0.476505 0.389655 0.352011 0.423665 0.365035 0.284469 0.183696 0.588939 0.480164 0.000000 0.421708 0.657772 0.521842 0.440918
0.117654 0.789669 0.032762 0.423504 0.459354 0.573279 0.545170 0.429523 1.010377 0.900420 0.421708 0.000000 0.743634 0.928772 0.627726
0.688494 0.414700 0.723073 0.977966 1.046056 0.303148 0.941917 0.474734 0.907573 0.810556 0.657772 0.743634 0.000000 1.004960 1.098420
0.815667 0.625605 0.898655 0.649126 0.693345 0.719677 0.454298 0.635099 0.231962 0.236878 0.521842 0.928772 1.004960 0.000000 0.530233
0.556211 0.871784 0.610009 0.208555 0.206422 0.804616 0.160587 0.623725 0.731512 0.669527 0.440918 0.627726 1.098420 0.530233 0.000000
