Euclidiano
0.000000 0.551655 0.298648 0.346961 0.355753 0.742141 0.257499 0.602624 0.384002 0.414488 0.140320 0.101748 0.251350 0.344062 0.687031
0.551655 0.000000 0.353395 0.896289 0.212247 0.939142 0.465501 0.182027 0.429896 0.493847 0.432845 0.638580 0.325663 0.484249 0.291223
0.298648 0.353395 0.000000 0.627982 0.151233 0.953100 0.403009 0.484585 0.125233 0.531036 0.267159 0.400373 0.089369 0.477345 0.594410
0.346961 0.896289 0.627982 0.000000 0.702595 0.760654 0.510219 0.927197 0.681469 0.632573 0.467272 0.258848 0.595624 0.570343 0.996902
0.355753 0.212247 0.151233 0.702595 0.000000 0.889532 0.351497 0.333424 0.256577 0.444723 0.261212 0.450956 0.114252 0.405784 0.443793
0.742141 0.939142 0.953100 0.760654 0.889532 0.000000 0.550292 0.821060 1.073480 0.450710 0.691869 0.687524 0.865935 0.483948 0.797454
0.257499 0.465501 0.403009 0.510219 0.351497 0.550292 0.000000 0.436899 0.524694 0.157531 0.151297 0.274961 0.315656 0.088035 0.491558
0.602624 0.182027 0.484585 0.927197 0.333424 0.821060 0.436899 0.000000 0.583121 0.404957 0.465412 0.670838 0.429084 0.421305 0.113376
0.384002 0.429896 0.125233 0.681469 0.256577 1.073480 0.524694 0.583121 0.000000 0.655990 0.382788 0.482232 0.214414 0.601224 0.695658
0.414488 0.493847 0.531036 0.632573 0.444723 0.450710 0.157531 0.404957 0.655990 0.000000 0.303739 0.420818 0.441673 0.070623 0.423106
0.140320 0.432845 0.267159 0.467272 0.261212 0.691869 0.151297 0.465412 0.382788 0.303739 0.000000 0.208451 0.187666 0.237500 0.547110
0.101748 0.638580 0.400373 0.258848 0.450956 0.687524 0.274961 0.670838 0.482232 0.420818 0.208451 0.000000 0.350789 0.351502 0.745765
0.251350 0.325663 0.089369 0.595624 0.114252 0.865935 0.315656 0.429084 0.214414 0.441673 0.187666 0.350789 0.000000 0.388331 0.534146
0.344062 0.484249 0.477345 0.570343 0.405784 0.483948 0.088035 0.421305 0.601224 0.070623 0.237500 0.351502 0.388331 0.000000 0.456523
0.687031 0.291223 0.594410 0.996902 0.443793 0.797454 0.491558 0.113376 0.695658 0.423106 0.547110 0.745765 0.534146 0.456523 0.000000
