de Poincaré
0.000000 1.219986 1.330869 0.722551 2.872462 0.585897 3.539401 4.958964 2.678102 3.623697 3.358062 5.971074 4.076354 2.263394 3.160939
1.219986 0.000000 1.435291 1.078907 1.868154 0.737063 3.038454 4.068687 1.599387 4.159551 2.541361 5.521895 3.868599 3.274230 3.690345
1.330869 1.435291 0.000000 0.582822 2.556996 1.418259 2.517202 4.817623 2.560874 2.883729 3.601495 4.971547 2.769018 3.173484 4.083347
0.722551 1.078907 0.582822 0.000000 2.473057 0.871785 2.847546 4.664279 2.382755 3.038049 3.288227 5.295233 3.300348 2.665328 3.579236
2.872462 1.868154 2.556996 2.473057 0.000000 2.501787 3.209986 3.373599 0.953087 5.371924 3.184570 5.693097 4.490868 4.788848 5.186725
0.585897 0.737063 1.418259 0.871785 2.501787 0.000000 3.391896 4.585154 2.250723 3.932784 2.904684 5.840032 4.050739 2.682972 3.183095
3.539401 3.038454 2.517202 2.847546 3.209986 3.391896 0.000000 5.702778 3.530224 5.378920 4.953022 3.353947 3.105122 5.407790 6.063633
4.958964 4.068687 4.817623 4.664279 3.373599 4.585154 5.702778 0.000000 3.065807 7.503149 4.398811 8.077560 6.817220 6.760100 7.031969
2.678102 1.599387 2.560874 2.382755 0.953087 2.250723 3.530224 3.065807 0.000000 5.330534 2.531200 5.990362 4.654789 4.590809 4.904842
3.623697 4.159551 2.883729 3.038049 5.371924 3.932784 5.378920 7.503149 5.330534 0.000000 6.206853 7.728506 5.408927 5.006288 6.255732
3.358062 2.541361 3.601495 3.288227 3.184570 2.904684 4.953022 4.398811 2.531200 6.206853 0.000000 7.350466 5.866446 5.115489 5.143154
5.971074 5.521895 4.971547 5.295233 5.693097 5.840032 3.353947 8.077560 5.990362 7.728506 7.350466 0.000000 5.331401 7.785098 8.438953
4.076354 3.868599 2.769018 3.300348 4.490868 4.050739 3.105122 6.817220 4.654789 5.408927 5.866446 5.331401 0.000000 5.874126 6.659228
2.263394 3.274230 3.173484 2.665328 4.788848 2.682972 5.407790 6.760100 4.590809 5.006288 5.115489 7.785098 5.874126 0.000000 3.698998
3.160939 3.690345 4.083347 3.579236 5.186725 3.183095 6.063633 7.031969 4.904842 6.255732 5.143154 8.438953 6.659228 3.698998 0.000000
