de Poincaré
0.000000 1.733646 3.716506 4.982111 6.520193 4.759710 3.675359 6.224614 10.005646 3.476232 2.947788 7.015092 6.879908 7.808817 4.302713
1.733646 0.000000 2.460241 3.775701 5.342605 3.610904 2.451562 5.063235 8.873308 2.192505 2.375793 5.842508 5.774228 6.752041 3.170970
3.716506 2.460241 0.000000 2.463932 4.835450 4.092836 2.714400 5.137122 9.097995 2.223569 3.189137 5.321224 6.259596 7.442151 3.855021
4.982111 3.775701 2.463932 0.000000 4.319399 4.590139 3.152481 5.328784 9.407819 2.658025 4.736898 4.778028 6.747859 8.046428 4.468646
6.520193 5.342605 4.835450 4.319399 0.000000 5.304919 3.893254 5.470926 9.798327 3.623510 6.500508 1.105241 7.444816 8.912216 5.347546
4.759710 3.610904 4.092836 4.590139 5.304919 0.000000 1.523259 3.622389 6.839595 2.179175 5.117030 5.832297 2.758291 4.944025 1.262699
3.675359 2.451562 2.714400 3.152481 3.893254 1.523259 0.000000 2.776081 6.655005 0.648885 3.922691 4.430546 3.848383 5.351510 1.601901
6.224614 5.063235 5.137122 5.328784 5.470926 3.622389 2.776081 0.000000 6.843523 3.191821 6.412787 6.022268 5.722197 7.633918 4.074062
10.005646 8.873308 9.097995 9.407819 9.798327 6.839595 6.655005 6.843523 0.000000 7.208454 10.254214 10.330902 8.663903 10.936333 7.493856
3.476232 2.192505 2.223569 2.658025 3.623510 2.179175 0.648885 3.191821 7.208454 0.000000 3.618521 4.159693 4.452178 5.815594 2.101936
2.947788 2.375793 3.189137 4.736898 6.500508 5.117030 3.922691 6.412787 10.254214 3.618521 0.000000 6.988905 7.244288 8.277006 4.752579
7.015092 5.842508 5.321224 4.778028 1.105241 5.832297 4.430546 6.022268 10.330902 4.159693 6.988905 0.000000 7.966493 9.426559 5.868120
6.879908 5.774228 6.259596 6.747859 7.444816 2.758291 3.848383 5.722197 8.663903 4.452178 7.244288 7.966493 0.000000 6.411904 3.440446
7.808817 6.752041 7.442151 8.046428 8.912216 4.944025 5.351510 7.633918 10.936333 5.815594 8.277006 9.426559 6.411904 0.000000 4.237501
4.302713 3.170970 3.855021 4.468646 5.347546 1.262699 1.601901 4.074062 7.493856 2.101936 4.752579 5.868120 3.440446 4.237501 0.000000
