de Poincaré
0.000000 5.558496 3.570566 3.583033 4.287046 3.990869 3.440319 3.439293 1.951956 3.891217 2.609139 4.684502 3.935165 2.637413 4.737657
5.558496 0.000000 5.556122 5.395915 5.657813 4.320294 4.877577 5.279270 3.940515 5.246664 7.312449 4.561945 5.773244 3.675335 3.532904
3.570566 5.556122 0.000000 4.840642 1.980380 2.992346 1.380908 0.505497 2.698074 1.706256 5.260607 5.258702 0.626857 1.891635 5.081329
3.583033 5.395915 4.840642 0.000000 5.270341 4.570970 4.439708 4.633181 2.487842 4.864731 5.400435 3.632039 5.133684 3.357319 4.125362
4.287046 5.657813 1.980380 5.270341 0.000000 2.603938 1.069227 1.574296 3.168083 0.571444 5.985337 5.542283 1.766976 1.996669 5.301486
3.990869 4.320294 2.992346 4.570970 2.603938 0.000000 1.929454 2.623610 2.537256 2.171915 5.739783 4.583771 3.113392 1.261677 4.210493
3.440319 4.877577 1.380908 4.439708 1.069227 1.929454 0.000000 0.914218 2.278939 0.550416 5.176338 4.727264 1.419991 1.122887 4.492570
3.439293 5.279270 0.505497 4.633181 1.574296 2.623610 0.914218 0.000000 2.472155 1.256083 5.151454 5.017313 0.694622 1.568465 4.825241
1.951956 3.940515 2.698074 2.487842 3.168083 2.537256 2.278939 2.472155 0.000000 2.737857 3.927391 3.121656 3.012036 1.224895 3.099974
3.891217 5.246664 1.706256 4.864731 0.571444 2.171915 0.550416 1.256083 2.737857 0.000000 5.607017 5.132310 1.601942 1.541544 4.888599
2.609139 7.312449 5.260607 5.400435 5.985337 5.739783 5.176338 5.151454 3.927391 5.607017 0.000000 6.466197 5.615263 4.430345 6.515169
4.684502 4.561945 5.258702 3.632039 5.542283 4.583771 4.727264 5.017313 3.121656 5.132310 6.466197 0.000000 5.517536 3.547340 2.289295
3.935165 5.773244 0.626857 5.133684 1.766976 3.113392 1.419991 0.694622 3.012036 1.601942 5.615263 5.517536 0.000000 2.109837 5.326326
2.637413 3.675335 1.891635 3.357319 1.996669 1.261677 1.122887 1.568465 1.224895 1.541544 4.430345 3.547340 2.109837 0.000000 3.282713
4.737657 3.532904 5.081329 4.125362 5.301486 4.210493 4.492570 4.825241 3.099974 4.888599 6.515169 2.289295 5.326326 3.282713 0.000000
